atc.json
{"header": {"parameterUnit": "m.s-1", "parameterNumber": 2, "dx": 0.0027313232421875, "dy": 0.002254486083984375, "parameterNumberName": "eastward_wind", "la1": 34.772125244140625, "la2": 34.50394821166992, "parameterCategory": 2, "lo2": 135.57212829589844, "nx": 120, "ny": 120, "refTime": "2017-02-01 23:00:00", "lo1": 135.24765014648438}, "data":
[rows 44 to 65 of 120, columns 50 to 99 of 120]
2.656754493713379,2.815272569656372,2.9895377159118652,2.8110477924346924,2.4676594734191895,2.511247158050537,2.3080060482025146,2.332287549972534,1.7324036359786987,0.8413856029510498,1.3801840543746948,2.585319995880127,3.607661247253418,4.277568340301514,4.4124979972839355,4.6902055740356445,3.487612247467041,2.855351209640503,2.0043516159057617,1.4561830759048462,1.1100820302963257,0.4888799488544464,-0.1723613291978836,-0.06998700648546219,0.11002401262521744,0.33100152015686035,0.581687867641449,1.1356970071792603,1.5521204471588135,2.284745693206787,3.000897169113159,3.8162682056427,4.661031246185303,5.5540080070495605,5.236702919006348,5.277793884277344,5.582515239715576,5.92465877532959,5.893002986907959,5.713663578033447,5.795433521270752,6.432130813598633,6.793796062469482,6.347668647766113,6.628652572631836,6.690590858459473,6.928132057189941,0.0,0.0,0.0
2.545671224594116,2.767526388168335,2.8925955295562744,2.791438579559326,2.8411407470703125,2.422529697418213,2.031343460083008,1.6497682332992554,0.9896147847175598,0.42526522278785706,1.3441764116287231,2.6306774616241455,3.6909403800964355,4.1887359619140625,4.2147955894470215,4.016432285308838,2.8623270988464355,1.5533071756362915,1.5691431760787964,1.1581965684890747,0.8388774394989014,0.3637600541114807,-0.04090436175465584,0.1807216852903366,0.5856109857559204,0.7990115880966187,1.1750702857971191,1.742919921875,2.3180525302886963,2.973891019821167,3.883558988571167,4.2555084228515625,4.854511260986328,4.862642765045166,4.623475551605225,4.660336017608643,5.04547119140625,5.4862165451049805,5.559164524078369,5.797692775726318,6.334092140197754,7.0750837326049805,6.828099250793457,6.443850517272949,6.5522942543029785,6.375433444976807,6.98106575012207,7.395261287689209,6.011478424072266,0.0
2.432446241378784,2.9558804035186768,2.824406623840332,2.772813081741333,2.7231385707855225,2.244624137878418,1.7955049276351929,1.1734992265701294,0.7030786275863647,0.47531062364578247,1.4027334451675415,2.661432981491089,3.720282554626465,4.1060028076171875,3.8858301639556885,3.3886709213256836,2.187063217163086,1.2437052726745605,1.2765535116195679,0.8426920175552368,0.4486532211303711,0.2629522383213043,0.17587219178676605,0.31653454899787903,0.6894898414611816,0.9824329018592834,1.3595656156539917,1.939341425895691,2.6191351413726807,3.2950708866119385,4.034445285797119,4.124224662780762,4.237088680267334,4.317392826080322,4.330008029937744,4.5055646896362305,5.011758327484131,5.394783973693848,5.503190040588379,5.669588088989258,6.034572601318359,6.009903907775879,5.707155227661133,5.376092433929443,5.470554828643799,5.404305934906006,5.679811954498291,6.5861077308654785,6.093906879425049,0.0
2.863994598388672,2.6932928562164307,2.7011775970458984,2.6289520263671875,2.458444356918335,1.8982747793197632,1.4917289018630981,0.7783287763595581,0.44345712661743164,0.35608723759651184,1.3209303617477417,2.5966174602508545,3.644777774810791,3.9930832386016846,3.500218152999878,2.9111549854278564,1.8576185703277588,1.0075452327728271,1.0500367879867554,0.5700370669364929,0.37109628319740295,0.46240922808647156,0.4893616735935211,0.5912876725196838,0.952705442905426,1.2015186548233032,1.7036687135696411,2.256880521774292,2.797970771789551,3.3778038024902344,3.7330455780029297,3.623351573944092,3.8617982864379883,4.020156383514404,4.05507230758667,4.177760601043701,4.630622386932373,4.900684833526611,4.755887031555176,4.7728729248046875,5.198023796081543,5.66807222366333,5.839648723602295,6.072704315185547,6.462718963623047,6.516196250915527,6.8338623046875,7.114287376403809,7.171060562133789,7.248027324676514
2.658482551574707,2.5578579902648926,2.5929059982299805,2.52406644821167,2.247452974319458,1.5891799926757812,1.0745773315429688,0.40202265977859497,0.15321941673755646,0.19500873982906342,1.2036077976226807,2.405393362045288,3.5007972717285156,3.7280778884887695,3.2484443187713623,2.8252196311950684,1.8092707395553589,1.067917823791504,0.9529560804367065,0.6388087272644043,0.5474804639816284,0.48187536001205444,0.6650011539459229,0.69629967212677,1.0450236797332764,1.2314934730529785,1.7610784769058228,2.171783208847046,2.6453301906585693,3.21455454826355,3.3905844688415527,3.356541395187378,3.397667407989502,3.5688838958740234,3.5757038593292236,3.6619768142700195,4.030297756195068,4.3560919761657715,4.482914924621582,4.724586486816406,5.174230098724365,5.718461036682129,5.7616987228393555,5.829877853393555,6.0669779777526855,6.0099077224731445,6.288644790649414,6.498280048370361,6.742343425750732,7.10447359085083
2.3770432472229004,2.3144261837005615,2.3315374851226807,2.2074813842773438,1.861815333366394,1.1924852132797241,0.6037993431091309,0.07219424098730087,0.02232593111693859,0.15325868129730225,1.1142131090164185,2.2257370948791504,3.1995737552642822,3.2718005180358887,2.9509196281433105,2.6709604263305664,1.7166767120361328,0.822154700756073,0.6163228154182434,0.46968409419059753,0.45412442088127136,0.3112623691558838,0.463188111782074,0.8077477812767029,1.0314981937408447,1.2554625272750854,1.9602855443954468,2.4196159839630127,2.786301612854004,3.034496307373047,3.1088030338287354,3.1516973972320557,3.2763240337371826,3.4119040966033936,3.516659736633301,3.692167282104492,4.031002521514893,4.375272274017334,4.5780510902404785,4.857668399810791,5.149843215942383,5.391128063201904,5.493669509887695,5.65281343460083,5.869745254516602,5.937990188598633,6.407616138458252,6.585935115814209,6.876348972320557,7.196719646453857
2.1996002197265625,2.007453441619873,1.906597375869751,1.7147642374038696,1.307030200958252,0.6564304828643799,0.14424343407154083,-0.20220831036567688,-0.18081535398960114,0.05611351504921913,0.9822854995727539,2.0435192584991455,2.933178663253784,3.054608106613159,2.912381410598755,2.550377130508423,1.5742329359054565,0.7887903451919556,0.5126938819885254,0.4485040009021759,0.3673906922340393,0.3296201527118683,0.4696771204471588,0.8362883925437927,0.9963026642799377,1.2630655765533447,1.8781490325927734,2.3052825927734375,2.4710216522216797,2.689272165298462,2.8003525733947754,2.843247175216675,2.9339184761047363,3.124013900756836,3.2449495792388916,3.5053722858428955,3.8882954120635986,4.298198223114014,4.589944362640381,4.983715534210205,5.274837493896484,5.616147518157959,5.634619235992432,5.8810133934021,6.287142276763916,5.965928554534912,6.307511806488037,5.987602710723877,7.7732038497924805,0.0
1.8455171585083008,1.5727821588516235,1.4499439001083374,1.2659860849380493,0.8384302258491516,0.3276236057281494,-0.138828307390213,-0.39668187499046326,-0.3047173321247101,0.038834359496831894,0.8929736018180847,1.7090944051742554,2.5651750564575195,2.7207534313201904,2.5921173095703125,2.185058832168579,1.2728922367095947,0.6383069157600403,0.43795692920684814,0.4254515767097473,0.3648955523967743,0.4687984883785248,0.5610847473144531,0.880554735660553,1.290425419807434,1.5526140928268433,1.974642276763916,2.1779181957244873,2.232842206954956,2.3623952865600586,2.4404056072235107,2.449697732925415,2.4457077980041504,2.620814323425293,2.751152992248535,3.158615827560425,3.6612324714660645,4.194281578063965,4.453032970428467,4.696253299713135,4.660003662109375,4.833817958831787,5.226418495178223,5.587535381317139,6.629917144775391,6.550713539123535,6.541630744934082,5.942425727844238,7.7732038497924805,0.0
1.6260873079299927,1.340570092201233,1.1629436016082764,0.9375375509262085,0.5046477317810059,0.08269890397787094,-0.3440503776073456,-0.7919147610664368,-0.6144917607307434,-0.07128335535526276,0.43798133730888367,1.6591826677322388,2.414433240890503,3.1872997283935547,2.1364214420318604,1.5873867273330688,0.8695780038833618,0.3718234896659851,0.2808796167373657,0.5116672515869141,0.6947909593582153,0.8690659999847412,1.1161717176437378,1.3693360090255737,1.642679214477539,1.374862551689148,1.6522023677825928,1.7391376495361328,1.8297326564788818,1.9874922037124634,2.178614377975464,2.373851776123047,2.6136574745178223,2.946413278579712,3.165365695953369,3.448838710784912,3.799001455307007,4.0798726081848145,4.250536918640137,4.3097124099731445,4.049569606781006,4.038893699645996,4.204599380493164,4.9400529861450195,6.171272277832031,6.5254974365234375,6.541630744934082,5.942425727844238,7.7732038497924805,0.0
1.4809157848358154,1.2196468114852905,1.0074293613433838,0.7901455163955688,0.4055657982826233,-0.06342166662216187,-0.5065000653266907,-0.9046427607536316,-0.7434058785438538,-0.3058096170425415,0.2956816256046295,1.284393548965454,1.889188528060913,2.4703564643859863,2.0463521480560303,1.154971718788147,0.7985490560531616,0.43419477343559265,0.3139614462852478,0.5111918449401855,0.7280814051628113,0.9066848158836365,1.133002758026123,1.3436808586120605,1.3776367902755737,1.238799810409546,1.424736738204956,1.5522750616073608,1.6574211120605469,1.834378719329834,2.089029312133789,2.4471144676208496,2.670243978500366,3.0139496326446533,3.3411881923675537,3.670834541320801,4.082265853881836,4.346644878387451,4.4645538330078125,4.370570182800293,4.000200271606445,3.9127321243286133,3.893695592880249,4.042690277099609,4.0520853996276855,3.7573623657226562,3.5958054065704346,3.3743793964385986,3.1898322105407715,3.378525733947754
1.4027950763702393,1.1114083528518677,0.8649102449417114,0.6378136277198792,0.5233644247055054,0.12864898145198822,-0.3425236642360687,-0.7610793709754944,-0.7707247734069824,-0.5060926079750061,0.18423442542552948,0.8756029605865479,1.5729339122772217,2.1672890186309814,1.6855350732803345,1.0632731914520264,0.5522841215133667,0.39108049869537354,0.2501527965068817,0.3643726706504822,0.4962120056152344,0.6851214170455933,0.8629887104034424,0.9420598149299622,0.948512852191925,1.020815372467041,1.4917707443237305,1.6502562761306763,1.819515347480774,2.0201148986816406,2.3319802284240723,2.713139772415161,2.9687743186950684,3.2060062885284424,3.370835304260254,3.5272183418273926,3.7045834064483643,3.8183164596557617,3.953934669494629,3.9905285835266113,3.926304817199707,4.0292582511901855,3.9963512420654297,4.017466068267822,4.015131950378418,3.8905696868896484,3.912611246109009,3.8216729164123535,3.6426761150360107,3.7840449810028076
1.1739678382873535,0.8849894404411316,0.6066843271255493,0.3440069258213043,0.4170920252799988,0.04277956858277321,-0.4642004668712616,-0.8517552018165588,-0.841200053691864,-0.6181825399398804,0.1494860202074051,0.6909854412078857,1.28246009349823,1.617620587348938,1.0753929615020752,0.6611359119415283,0.27683398127555847,0.35406428575515747,0.3150339722633362,0.503413736820221,0.6836986541748047,0.8420538306236267,0.9445797204971313,1.0281962156295776,1.0392838716506958,1.1596344709396362,1.7863162755966187,1.979912519454956,2.1779260635375977,2.3777027130126953,2.583354949951172,2.831162691116333,3.016841173171997,3.1773295402526855,3.304852247238159,3.454179286956787,3.604891538619995,3.7792491912841797,3.9876034259796143,4.058094024658203,3.9824695587158203,4.008185863494873,3.880171060562134,3.803046941757202,3.7226645946502686,3.6379425525665283,3.6704983711242676,3.7068042755126953,3.6426761150360107,3.7840449810028076
1.2119749784469604,0.8863570094108582,0.5629894137382507,0.22467388212680817,0.034343235194683075,-0.2864038348197937,-0.709393322467804,-1.0578818321228027,-0.9083655476570129,-0.6259998083114624,-0.026492074131965637,0.4129534363746643,0.8091181516647339,0.8319401144981384,0.47092655301094055,0.3544008135795593,0.15497973561286926,0.1048465147614479,0.38238540291786194,0.6431424021720886,0.9001460075378418,1.0699563026428223,1.2069854736328125,1.3112534284591675,1.3752237558364868,1.5718796253204346,1.9279229640960693,2.1191184520721436,2.2831215858459473,2.4398229122161865,2.593052625656128,2.782696485519409,2.9493207931518555,3.105370044708252,3.2473318576812744,3.3767104148864746,3.559300661087036,3.7618000507354736,3.983409881591797,4.047979354858398,3.9467179775238037,3.8593599796295166,3.8186392784118652,3.798680305480957,3.842322587966919,3.8087027072906494,3.861100196838379,3.9459574222564697,3.8997578620910645,0.0
1.221068024635315,0.8743032813072205,0.5308093428611755,0.15713676810264587,-0.1965228021144867,-0.49543246626853943,-0.8264966011047363,-1.0995280742645264,-0.7703374028205872,-0.5227617025375366,-0.1252756118774414,0.3231017589569092,0.36140120029449463,0.3571576178073883,0.13563543558120728,0.10324062407016754,-0.02543492801487446,0.18557889759540558,0.5068982839584351,0.7976816296577454,1.0746560096740723,1.2529624700546265,1.3844738006591797,1.5328354835510254,1.6047629117965698,1.7575823068618774,1.9775586128234863,2.1664841175079346,2.321368455886841,2.480639934539795,2.6259207725524902,2.8073766231536865,2.9603025913238525,3.110947608947754,3.263704776763916,3.3693103790283203,3.5135934352874756,3.6786015033721924,3.8482422828674316,3.924089193344116,3.921945095062256,4.01915168762207,3.9552762508392334,3.8243048191070557,3.774733304977417,0.0,0.0,0.0,0.0,0.0
1.2263412475585938,0.8691951036453247,0.5238058567047119,0.15420562028884888,-0.2928522229194641,-0.651817262172699,-0.9781038165092468,-1.1493538618087769,-0.8189693093299866,-0.6143937706947327,-0.31590521335601807,0.11418203264474869,0.337369829416275,0.24675926566123962,0.042589571326971054,0.03459154814481735,-0.0379796139895916,0.24476158618927002,0.5505510568618774,0.8582879304885864,1.1461018323898315,1.295722246170044,1.410365104675293,1.5651894807815552,1.629224419593811,1.7907134294509888,2.000338077545166,2.2017390727996826,2.3703742027282715,2.537471055984497,2.6752493381500244,2.852750301361084,3.008108615875244,3.1378700733184814,3.2849292755126953,3.3846724033355713,3.4870030879974365,3.6204652786254883,3.8484745025634766,4.1635284423828125,4.333454132080078,4.405898571014404,4.445671558380127,4.247995853424072,0.0,0.0,0.0,0.0,0.0,0.0
1.157109022140503,0.816034734249115,0.4816146790981293,0.1896199733018875,-0.2575739920139313,-0.6746670603752136,-0.9954123497009277,-1.0850781202316284,-0.8285732865333557,-0.6267353892326355,-0.32609131932258606,0.11815982311964035,0.39288949966430664,0.2879656255245209,0.16418659687042236,0.07577690482139587,0.02333749271929264,0.3366369903087616,0.6120905876159668,0.9112134575843811,1.194808006286621,1.33513343334198,1.494502305984497,1.6743065118789673,1.7629172801971436,1.9289014339447021,2.0330803394317627,2.243804693222046,2.422813892364502,2.5924785137176514,2.729837656021118,2.9023900032043457,3.052554130554199,3.174086332321167,3.317852258682251,3.3954458236694336,3.3803162574768066,3.429229974746704,3.6064627170562744,3.968005418777466,4.234796047210693,4.405898571014404,4.445671558380127,4.247995853424072,0.0,0.0,0.0,0.0,0.0,0.0
1.144238829612732,0.800960123538971,0.4604758024215698,0.15129606425762177,-0.28119179606437683,-0.6545233726501465,-0.9042970538139343,-0.9559786319732666,-0.7733274698257446,-0.6017972826957703,-0.34296464920043945,0.05617415904998779,0.32846778631210327,0.24892187118530273,0.23384377360343933,0.26123523712158203,0.306025892496109,0.43262720108032227,0.706665575504303,0.9017526507377625,1.150585651397705,1.3174195289611816,1.5587358474731445,1.7864145040512085,1.8953536748886108,2.0443050861358643,2.156707525253296,2.354891300201416,2.5169155597686768,2.680142641067505,2.797045946121216,2.941171169281006,3.026324987411499,3.1135265827178955,3.208334445953369,3.2618303298950195,3.262181520462036,3.444648504257202,3.615476608276367,3.9955954551696777,4.344801902770996,4.52575159072876,4.684297561645508,0.0,0.0,0.0,0.0,0.0,0.0,0.0
1.177527904510498,0.8480966687202454,0.5071219205856323,0.25606176257133484,-0.2045697122812271,-0.5560515522956848,-0.8171858787536621,-0.7858991622924805,-0.6711416244506836,-0.560296893119812,-0.3731018900871277,-0.03147747367620468,0.2651488184928894,0.12832914292812347,0.12241746485233307,0.17497721314430237,0.20779085159301758,0.38923180103302,0.711892306804657,0.918756902217865,1.156914472579956,1.3030346632003784,1.452012062072754,1.614101767539978,1.762802243232727,2.022260904312134,2.0688233375549316,2.2875378131866455,2.5169625282287598,2.68752384185791,2.7749807834625244,2.8609864711761475,2.956965446472168,3.0658986568450928,3.175339460372925,3.1905765533447266,3.1142313480377197,3.1946141719818115,3.0458290576934814,2.8921914100646973,0.0,0.0,0.0,0.0,0.0,0.0,0.0,0.0,0.0,0.0
1.3976188898086548,1.063043236732483,0.6931591629981995,0.5022830963134766,0.0026258165016770363,-0.3805762529373169,-0.6796696186065674,-0.5088598728179932,-0.5417898297309875,-0.5587917566299438,-0.5091530084609985,-0.32600706815719604,0.09343314915895462,-0.16483819484710693,-0.15347737073898315,-0.03706585243344307,0.05459829047322273,0.31030672788619995,0.6513200402259827,0.9238821268081665,1.2074980735778809,1.3922804594039917,1.5754215717315674,1.7516076564788818,1.8430382013320923,1.9704910516738892,2.0780279636383057,2.248775005340576,2.400994300842285,2.5629756450653076,2.71679425239563,2.7993428707122803,2.87565541267395,2.9673073291778564,3.0869410037994385,3.099868059158325,3.0663158893585205,3.2804322242736816,3.3442790508270264,0.0,0.0,0.0,0.0,0.0,0.0,0.0,0.0,0.0,0.0,0.0
1.6586617231369019,1.3053594827651978,0.9017053246498108,0.46966826915740967,0.26971083879470825,0.005809430498629808,-0.124630868434906,-0.002446299185976386,-0.30246996879577637,-0.44420239329338074,-0.4264991283416748,-0.16475725173950195,0.005528640002012253,-0.31834903359413147,-0.5161324143409729,-0.5778778791427612,-0.2470410019159317,0.30014559626579285,0.637955367565155,0.9387658834457397,1.218376874923706,1.4065965414047241,1.5720460414886475,1.7675925493240356,1.8596582412719727,1.9374117851257324,2.151723861694336,2.3112590312957764,2.4321084022521973,2.5752010345458984,2.6657328605651855,2.76948881149292,2.8808884620666504,2.9658710956573486,3.081475257873535,3.0956685543060303,0.0,0.0,0.0,0.0,0.0,0.0,0.0,0.0,0.0,0.0,0.0,0.0,0.0,0.0
2.007546901702881,1.5775949954986572,1.1414806842803955,0.7316969037055969,0.29543831944465637,0.30735889077186584,0.2487884759902954,0.44518765807151794,0.07997845858335495,-0.06456358730792999,0.16157829761505127,0.4278951585292816,0.2832051217556,-0.1818004548549652,-0.4720610976219177,-0.49028128385543823,-0.2592899799346924,0.2099580615758896,0.644185483455658,1.2033922672271729,1.4746659994125366,1.5104883909225464,1.5737552642822266,1.4491232633590698,1.7992011308670044,2.577378034591675,2.0332303047180176,2.185617685317993,2.2684154510498047,2.3756306171417236,2.475817918777466,2.6002490520477295,2.689725399017334,2.818068504333496,2.959765911102295,0.0,0.0,0.0,0.0,0.0,0.0,0.0,0.0,0.0,0.0,0.0,0.0,0.0,0.0,0.0
2.1926276683807373,1.7566813230514526,1.3090931177139282,0.978805422782898,0.7986242175102234,0.4713723361492157,0.08469314873218536,0.9043663740158081,0.5762538313865662,0.4698580503463745,1.0129363536834717,1.0210705995559692,0.8835836052894592,0.2427854686975479,-0.35287120938301086,-0.3127177357673645,-0.017588213086128235,0.25315171480178833,0.6075530648231506,0.8172663450241089,0.9539392590522766,1.0370711088180542,1.1723769903182983,1.4580974578857422,1.6666233539581299,1.7729018926620483,2.1491527557373047,2.559462070465088,2.8190040588378906,3.2333719730377197,2.9955406188964844,1.6956768035888672,0.0,0.0,0.0,0.0,0.0,0.0,0.0,0.0,0.0,0.0,0.0,0.0,0.0,0.0,0.0,0.0,0.0,0.0
