atc.json
{"header": {"parameterUnit": "m.s-1", "parameterNumber": 2, "dx": 0.0027313232421875, "dy": 0.002254486083984375, "parameterNumberName": "eastward_wind", "la1": 34.772125244140625, "la2": 34.50394821166992, "parameterCategory": 2, "lo2": 135.57212829589844, "nx": 120, "ny": 120, "refTime": "2017-02-01 23:00:00", "lo1": 135.24765014648438}, "data":
[rows 44 to 65 of 120, columns 0 to 49 of 120]
0.0,0.0,0.0,0.0,0.0,0.0,9.767470359802246,9.261565208435059,8.873546600341797,8.501811027526855,8.2995023727417,8.257339477539062,7.9874444007873535,7.660017490386963,7.103390216827393,6.589768886566162,6.315420627593994,6.1913533210754395,5.995871543884277,6.067477703094482,5.828588962554932,5.607952117919922,5.0871124267578125,4.618958473205566,4.4502387046813965,4.20955228805542,4.1135711669921875,3.756293535232544,3.7277626991271973,3.5959746837615967,3.327211618423462,3.15116286277771,3.093611240386963,3.223048686981201,3.485173463821411,3.619615077972412,3.523059368133545,3.4720699787139893,3.078139305114746,2.9028878211975098,2.6244349479675293,2.309318780899048,2.017505168914795,2.103654146194458,2.0220253467559814,2.0468459129333496,2.4542527198791504,2.3834850788116455,2.4453437328338623,2.663048505783081
0.0,0.0,0.0,0.0,0.0,0.0,10.119283676147461,9.727351188659668,9.078975677490234,8.723686218261719,8.55061149597168,8.352355003356934,7.966583728790283,7.531955718994141,6.872610569000244,6.4393696784973145,6.217883586883545,6.190720081329346,6.017667770385742,6.107071399688721,5.914794921875,5.568259239196777,5.027023792266846,4.468772888183594,4.117626190185547,3.887071132659912,3.9999661445617676,3.606959581375122,3.522806167602539,3.4396729469299316,3.245753526687622,3.032766103744507,2.9924330711364746,3.1795051097869873,3.3435351848602295,3.2482717037200928,3.2200396060943604,3.301001787185669,2.9833719730377197,2.898361921310425,2.6993520259857178,2.3363277912139893,1.9804378747940063,1.916108250617981,1.8039311170578003,1.8720273971557617,2.2152154445648193,2.1719558238983154,2.2589738368988037,2.54793381690979
0.0,0.0,0.0,0.0,0.0,10.256532669067383,9.828059196472168,9.539654731750488,9.040775299072266,8.821521759033203,8.749152183532715,8.537357330322266,8.229345321655273,7.7513813972473145,7.093276023864746,6.740279197692871,6.559145450592041,6.515474796295166,6.2692551612854,6.212101936340332,5.995079517364502,5.668801784515381,5.342711448669434,4.9615373611450195,4.551283836364746,4.400193691253662,4.603575706481934,4.199218273162842,3.9203078746795654,3.712631940841675,3.5256221294403076,3.351703405380249,3.273865222930908,3.492438793182373,3.6136319637298584,3.3564836978912354,3.4193315505981445,3.5720643997192383,3.257699728012085,3.129894495010376,2.9686105251312256,2.695587158203125,2.4075729846954346,2.2050156593322754,2.021224021911621,2.0620274543762207,2.30659818649292,2.265648365020752,2.2437973022460938,2.433286666870117
0.0,0.0,0.0,0.0,0.0,0.0,10.071285247802734,9.772144317626953,9.307602882385254,9.080602645874023,8.915240287780762,8.616644859313965,8.23559856414795,7.763505458831787,7.237164497375488,6.880382061004639,6.628658771514893,6.581972599029541,6.362453460693359,6.329008102416992,6.109254837036133,5.743845462799072,5.428143501281738,5.138960361480713,4.951845169067383,4.777037620544434,4.733504295349121,4.469598770141602,4.105898857116699,3.7925949096679688,3.5753819942474365,3.3627498149871826,3.1956069469451904,3.2722742557525635,3.3534839153289795,3.200345754623413,3.1813902854919434,3.342479705810547,3.0423216819763184,2.8289403915405273,2.760113477706909,2.635006904602051,2.435678243637085,2.188387632369995,1.9616631269454956,1.9429782629013062,2.184831380844116,2.1758129596710205,2.150815963745117,2.32886004447937
0.0,0.0,0.0,0.0,10.190014839172363,9.845948219299316,9.46359634399414,9.281617164611816,9.073553085327148,8.8739013671875,8.708325386047363,8.440046310424805,8.089258193969727,7.656543254852295,7.16654634475708,6.804411888122559,6.4327826499938965,6.393955707550049,6.185547828674316,6.088024139404297,5.8946027755737305,5.592564582824707,5.323326110839844,5.0652360916137695,4.796898365020752,4.67982816696167,4.600448131561279,4.457406044006348,4.156013488769531,3.8435559272766113,3.723963737487793,3.4836342334747314,3.340593099594116,3.4166252613067627,3.409487009048462,3.20979380607605,3.1586525440216064,3.331672191619873,3.0025243759155273,2.6857922077178955,2.601292371749878,2.4475035667419434,2.2640156745910645,2.040043592453003,1.818742275238037,1.7946977615356445,2.0505268573760986,2.0673601627349854,2.097693920135498,2.2418336868286133
0.0,0.0,0.0,0.0,9.752215385437012,9.236079216003418,8.968156814575195,8.82175350189209,8.761116027832031,8.647439002990723,8.517375946044922,8.232963562011719,8.00079345703125,7.698281288146973,7.263447284698486,6.807188987731934,6.302589416503906,6.03940486907959,5.75274658203125,5.449583053588867,5.1769280433654785,4.929816246032715,4.6721649169921875,4.504219055175781,4.31566047668457,4.252911567687988,4.201444149017334,4.158446311950684,4.072873592376709,3.8693835735321045,3.8033127784729004,3.6999692916870117,3.563040018081665,3.589737892150879,3.596608877182007,3.4806811809539795,3.4090614318847656,3.522927761077881,3.236344575881958,2.9444048404693604,2.8183302879333496,2.686521530151367,2.4719924926757812,2.234865427017212,1.986639380455017,1.922134280204773,2.076988935470581,2.0854086875915527,1.968953251838684,2.1926703453063965
0.0,0.0,0.0,0.0,8.893306732177734,8.262832641601562,7.972978115081787,7.9777913093566895,8.090361595153809,8.087692260742188,8.039201736450195,7.881323337554932,7.787103652954102,7.635436534881592,7.3599934577941895,7.02139139175415,6.649003505706787,6.311745643615723,5.859128475189209,5.424065589904785,4.964003086090088,4.6010637283325195,4.267101287841797,4.1376423835754395,4.082494258880615,3.9236834049224854,3.726327419281006,3.79172945022583,3.850510835647583,3.8061325550079346,3.7581703662872314,3.819709062576294,3.7595367431640625,3.724257469177246,3.7363951206207275,3.6642467975616455,3.554405689239502,3.6166951656341553,3.337761402130127,3.129194974899292,2.970799446105957,2.8115074634552,2.631304979324341,2.4073925018310547,2.1571242809295654,2.0078282356262207,2.0638771057128906,2.0972375869750977,2.0810282230377197,2.217804193496704
0.0,0.0,0.0,0.0,8.021893501281738,7.357851982116699,7.397414684295654,7.565545558929443,7.792159080505371,7.876413822174072,7.914252758026123,7.820890426635742,7.664675235748291,7.511244773864746,7.33745813369751,7.115732669830322,6.820095539093018,6.553166389465332,6.065676689147949,5.574759006500244,5.105414867401123,4.718669414520264,4.44516658782959,4.339658260345459,4.145880699157715,3.971977710723877,3.7052996158599854,3.791090965270996,3.9340767860412598,3.9278061389923096,3.8685429096221924,3.948741912841797,3.9027042388916016,3.850299596786499,3.873051404953003,3.8167827129364014,3.725710868835449,3.7090260982513428,3.507146120071411,3.3426756858825684,3.17547345161438,3.0260539054870605,2.8936173915863037,2.6807405948638916,2.428556203842163,2.2270498275756836,2.178075075149536,2.059875965118408,1.9248254299163818,1.952547550201416
0.0,0.0,0.0,0.0,8.021893501281738,7.472398281097412,7.452037334442139,7.610433101654053,7.751697540283203,7.84110689163208,7.906973838806152,7.841939926147461,7.534501552581787,7.1968913078308105,6.957327842712402,6.736886501312256,6.485988616943359,6.252456188201904,5.869872570037842,5.58052921295166,5.339027404785156,5.155398845672607,4.975839138031006,4.90311336517334,4.7888617515563965,4.620321273803711,4.373123645782471,4.377373218536377,4.358869552612305,4.265974998474121,4.1031060218811035,4.025361061096191,3.9506402015686035,3.8704264163970947,3.87930965423584,3.8494679927825928,3.7769317626953125,3.7376163005828857,3.579143524169922,3.453458786010742,3.3566384315490723,3.1988372802734375,3.0463337898254395,2.8256804943084717,2.5742228031158447,2.3708748817443848,2.3728761672973633,2.3071036338806152,2.0756893157958984,1.8918473720550537
0.0,0.0,0.0,7.639385223388672,7.636082649230957,7.547931671142578,7.597546100616455,7.667941570281982,7.69469690322876,7.670690536499023,7.704669952392578,7.6695332527160645,7.534672737121582,7.215969085693359,6.8252668380737305,6.6051788330078125,6.452757358551025,6.325253486633301,6.096444606781006,5.937898635864258,5.777771949768066,5.611256122589111,5.434817314147949,5.374804496765137,5.334876537322998,5.164693355560303,4.882688999176025,4.778593063354492,4.631203651428223,4.450578689575195,4.2508864402771,4.195607662200928,4.081688404083252,3.9557442665100098,3.8842403888702393,3.8456387519836426,3.7416205406188965,3.641655921936035,3.5112874507904053,3.3921470642089844,3.2581756114959717,3.0988121032714844,2.9653146266937256,2.791860342025757,2.5702426433563232,2.3936145305633545,2.431607723236084,2.2670843601226807,1.9859206676483154,1.7586982250213623
0.0,0.0,0.0,0.0,7.842419147491455,7.868364334106445,7.790783882141113,7.7363972663879395,7.603140354156494,7.521443843841553,7.518322467803955,7.495461463928223,7.378428936004639,7.055299282073975,6.681098461151123,6.379976272583008,6.20635461807251,6.079601764678955,5.9171223640441895,5.7543134689331055,5.579326629638672,5.4219865798950195,5.342696666717529,5.353639602661133,5.338473320007324,5.216630935668945,4.949648380279541,4.7512006759643555,4.591137409210205,4.42050838470459,4.248623847961426,4.149782180786133,4.0223164558410645,3.8824100494384766,3.771545171737671,3.716306447982788,3.643200397491455,3.571314811706543,3.4904470443725586,3.3883180618286133,3.269249200820923,3.1556553840637207,3.046011447906494,2.8772225379943848,2.6606030464172363,2.5132710933685303,2.389301061630249,2.194934368133545,1.9376839399337769,1.688496470451355
0.0,0.0,0.0,0.0,7.783580780029297,7.851956844329834,7.783003330230713,7.668422698974609,7.507181167602539,7.453126430511475,7.481870651245117,7.485815525054932,7.404725551605225,7.077184200286865,6.667875289916992,6.288122177124023,6.088705539703369,5.868464469909668,5.667033672332764,5.470778465270996,5.356351852416992,5.256458282470703,5.196112155914307,5.164290428161621,5.141687870025635,5.055325031280518,4.928800582885742,4.749232292175293,4.5915141105651855,4.356805801391602,4.18552303314209,4.119149684906006,4.010860919952393,3.867597818374634,3.7639856338500977,3.715667247772217,3.6614158153533936,3.640667676925659,3.627692461013794,3.5561861991882324,3.4114434719085693,3.2919387817382812,3.1649086475372314,2.947925090789795,2.7027320861816406,2.5804178714752197,2.371907949447632,2.110628843307495,1.8192191123962402,1.5043745040893555
0.0,0.0,0.0,0.0,0.0,8.210049629211426,8.019070625305176,7.833148956298828,7.607363224029541,7.524827480316162,7.516889572143555,7.505893707275391,7.418784141540527,6.9907073974609375,6.504824161529541,6.033872127532959,5.821913242340088,5.618921756744385,5.43331241607666,5.264023303985596,5.175885200500488,5.110815525054932,5.033064365386963,4.999761581420898,5.014095306396484,4.92436408996582,4.794762134552002,4.654012680053711,4.513067245483398,4.298641681671143,4.155490875244141,4.062511920928955,3.9784796237945557,3.8323397636413574,3.7333998680114746,3.682251214981079,3.6681954860687256,3.636909246444702,3.6055545806884766,3.528862953186035,3.396638870239258,3.258974075317383,3.1203083992004395,2.8951046466827393,2.666198253631592,2.565587282180786,2.3550846576690674,2.116252899169922,1.8902056217193604,1.5800167322158813
0.0,0.0,0.0,0.0,8.57671070098877,8.488588333129883,8.37955379486084,8.270660400390625,8.15229606628418,8.081677436828613,7.981978893280029,7.857293128967285,7.663478851318359,7.257964611053467,6.838891506195068,6.4188361167907715,6.099025249481201,5.8367180824279785,5.572751522064209,5.335413932800293,5.178320407867432,5.008242607116699,4.8691840171813965,4.793992519378662,4.729711532592773,4.6466522216796875,4.545108318328857,4.4299750328063965,4.32288122177124,4.197463512420654,4.127891540527344,4.07334041595459,3.9986696243286133,3.887906789779663,3.7625033855438232,3.682305097579956,3.6375198364257812,3.5796587467193604,3.513493776321411,3.4391863346099854,3.3208205699920654,3.186875581741333,3.045224189758301,2.8493659496307373,2.658294916152954,2.5033814907073975,2.3401734828948975,2.177238702774048,1.9627236127853394,1.6154825687408447
0.0,0.0,0.0,0.0,8.532151222229004,8.435150146484375,8.369701385498047,8.301103591918945,8.199520111083984,8.11688232421875,7.969562530517578,7.817056655883789,7.6398773193359375,7.332808971405029,6.96180534362793,6.547825813293457,6.211190700531006,5.9195098876953125,5.600141525268555,5.357569694519043,5.171632289886475,4.980786323547363,4.827613830566406,4.733112812042236,4.6661787033081055,4.576620101928711,4.48228120803833,4.37536096572876,4.289196491241455,4.179277420043945,4.122499465942383,4.082767009735107,4.0136332511901855,3.92838454246521,3.8333449363708496,3.7575595378875732,3.703951835632324,3.6208512783050537,3.539424180984497,3.4416351318359375,3.30549693107605,3.180380344390869,3.038560628890991,2.8663604259490967,2.690619707107544,2.514523506164551,2.3586008548736572,2.176802158355713,1.9368361234664917,1.6074339151382446
0.0,0.0,0.0,0.0,8.513458251953125,8.408153533935547,8.358055114746094,8.293496131896973,8.191141128540039,8.098115921020508,7.948925971984863,7.7924113273620605,7.601687431335449,7.290013313293457,6.927002429962158,6.529849529266357,6.181734561920166,5.882417678833008,5.5969953536987305,5.3678975105285645,5.199513912200928,5.0348687171936035,4.9014410972595215,4.795767307281494,4.718240737915039,4.626929759979248,4.518977165222168,4.417895793914795,4.3251447677612305,4.2016472816467285,4.119727611541748,4.034642696380615,3.9569168090820312,3.8789443969726562,3.7899625301361084,3.7113051414489746,3.652582883834839,3.5692100524902344,3.4946634769439697,3.4093031883239746,3.2946715354919434,3.1881794929504395,3.0484766960144043,2.88169002532959,2.7027318477630615,2.5296459197998047,2.3501315116882324,2.1293208599090576,1.8621159791946411,1.5183385610580444
0.0,0.0,0.0,0.0,8.451083183288574,8.38187313079834,8.329971313476562,8.243249893188477,8.121079444885254,8.02278995513916,7.883556842803955,7.736544609069824,7.550425052642822,7.208948135375977,6.834075450897217,6.411073684692383,6.057889938354492,5.762542247772217,5.512900352478027,5.333133697509766,5.195728778839111,5.060927391052246,4.937920570373535,4.848409652709961,4.783912181854248,4.703302383422852,4.604099273681641,4.489294052124023,4.370422840118408,4.238255977630615,4.140246868133545,4.045403003692627,3.9669744968414307,3.8888871669769287,3.797891139984131,3.7189152240753174,3.658066749572754,3.578207492828369,3.5030593872070312,3.413196563720703,3.303912878036499,3.19618821144104,3.062145233154297,2.898592472076416,2.7216289043426514,2.5442113876342773,2.337918519973755,2.0969619750976562,1.8260499238967896,1.4919670820236206
0.0,0.0,0.0,0.0,8.451083183288574,8.38187313079834,8.329971313476562,8.243249893188477,8.121079444885254,8.02278995513916,7.883556842803955,7.715695858001709,7.555229187011719,7.238531112670898,6.797272205352783,6.366447448730469,6.038645267486572,5.767407417297363,5.531251430511475,5.338265895843506,5.199942588806152,5.061238765716553,4.932665824890137,4.852650165557861,4.803435325622559,4.724087238311768,4.621343612670898,4.501965522766113,4.3876824378967285,4.246518135070801,4.151339530944824,4.080210208892822,3.9949657917022705,3.896326780319214,3.7903847694396973,3.7094056606292725,3.650982618331909,3.5719125270843506,3.4932875633239746,3.403069257736206,3.2803547382354736,3.1799356937408447,3.057511806488037,2.899343967437744,2.7159299850463867,2.5636978149414062,2.3516595363616943,2.120452642440796,1.85275137424469,1.5278050899505615
0.0,0.0,0.0,0.0,8.532410621643066,8.432570457458496,8.312728881835938,8.19039535522461,0.0,7.99023962020874,7.855553150177002,7.751998424530029,7.598788738250732,7.284391403198242,6.9140143394470215,6.380956172943115,6.015435218811035,5.707886695861816,5.430068492889404,5.193037986755371,5.033288478851318,4.901756763458252,4.79090690612793,4.736928939819336,4.698745250701904,4.625951766967773,4.529519557952881,4.423374176025391,4.3448333740234375,4.220592498779297,4.151184558868408,4.093451499938965,4.019988059997559,3.910203695297241,3.8088300228118896,3.733189821243286,3.696697235107422,3.6386220455169678,3.5691683292388916,3.47475266456604,3.3579187393188477,3.261201858520508,3.12791109085083,2.939816951751709,2.742605686187744,2.5361058712005615,2.3634607791900635,2.200859785079956,2.0089454650878906,1.7266803979873657
0.0,0.0,0.0,0.0,0.0,8.728348731994629,8.610654830932617,8.887957572937012,8.824114799499512,8.730961799621582,8.545702934265137,8.360086441040039,8.149617195129395,7.714174270629883,7.194030284881592,6.515627861022949,6.037600517272949,5.626759052276611,5.298275947570801,5.072108745574951,4.936608791351318,4.815944671630859,4.684390544891357,4.6046037673950195,4.578633785247803,4.525791645050049,4.4647216796875,4.3987135887146,4.3267998695373535,4.204003810882568,4.139981746673584,4.11392879486084,4.07918119430542,3.972224712371826,3.8710925579071045,3.788616418838501,3.761969566345215,3.6926045417785645,3.6020517349243164,3.4792983531951904,3.3403267860412598,3.229644536972046,3.0861730575561523,2.9084954261779785,2.728320837020874,2.4852845668792725,2.383758306503296,2.2800216674804688,2.1122119426727295,1.9258538484573364
0.0,0.0,0.0,0.0,8.948413848876953,8.803357124328613,8.788895606994629,8.817814826965332,8.746926307678223,8.679317474365234,8.484466552734375,8.267556190490723,8.046238899230957,7.623574733734131,7.162940502166748,6.625992774963379,6.180002689361572,5.832402229309082,5.483687400817871,5.19867467880249,4.984362602233887,4.7880330085754395,4.561753749847412,4.448337078094482,4.389006614685059,4.295073986053467,4.22583532333374,4.1775031089782715,4.136922359466553,4.100401878356934,4.099235534667969,4.081229209899902,4.096926212310791,4.035706043243408,3.9242570400238037,3.82594633102417,3.7772936820983887,3.6615099906921387,3.510098934173584,3.374140739440918,3.271397829055786,3.167767286300659,3.0310516357421875,2.8901147842407227,2.7654011249542236,2.6333725452423096,2.5706326961517334,2.483433485031128,2.3748793601989746,2.248830795288086
0.0,0.0,0.0,9.041964530944824,8.975951194763184,8.827896118164062,8.820993423461914,8.814388275146484,8.762296676635742,8.694650650024414,8.46029281616211,8.245895385742188,8.021480560302734,7.674279689788818,7.3045501708984375,6.894323825836182,6.441901683807373,6.096439838409424,5.706529140472412,5.426665306091309,5.190433025360107,4.891952037811279,4.654076099395752,4.505797386169434,4.358967304229736,4.282185077667236,4.21666145324707,4.147512435913086,4.08441162109375,4.055989742279053,4.052216529846191,4.076048851013184,4.082146167755127,4.037769794464111,3.933586597442627,3.8381283283233643,3.7280678749084473,3.567674160003662,3.4126901626586914,3.2604947090148926,3.1764886379241943,3.105508327484131,2.971625328063965,2.909811496734619,2.8566300868988037,2.763192653656006,2.7978250980377197,2.6615989208221436,2.5508601665496826,2.429823875427246
