atc.json
{"header": {"parameterUnit": "m.s-1", "parameterNumber": 3, "dx": 0.0027313232421875, "dy": 0.002254486083984375, "parameterNumberName": "northward_wind", "la1": 34.772125244140625, "la2": 34.50394821166992, "parameterCategory": 2, "lo2": 135.57212829589844, "nx": 120, "ny": 120, "refTime": "2017-02-01 23:00:00", "lo1": 135.24765014648438}, "data":
[rows 66 to 87 of 120, columns 50 to 99 of 120]
2.8289718627929688,2.799224853515625,2.817047119140625,2.5751190185546875,2.3446197509765625,2.6720809936523438,1.9516983032226562,1.6441574096679688,1.626708984375,1.6219253540039062,1.70361328125,1.671234130859375,1.6548995971679688,1.476287841796875,1.2467422485351562,1.2046051025390625,1.2747650146484375,1.4202194213867188,1.588470458984375,1.3967819213867188,0.9146881103515625,0.163665771484375,0.07541656494140625,0.4602203369140625,0.44873046875,-1.0383529663085938,-0.97003173828125,-0.9926986694335938,-0.9729232788085938,0.9952774047851562,0.102874755859375,-0.9632339477539062,-2.1246566772460938,-0.1186370849609375,0.6357421875,0.0,0.0,0.0,0.0,0.0,0.0,0.0,0.0,0.0,0.0,0.0,0.0,0.0,0.0,0.0
2.86114501953125,2.7894668579101562,2.7750778198242188,2.6203994750976562,2.8259124755859375,3.3310165405273438,2.1164779663085938,1.8560028076171875,1.7805938720703125,1.7119674682617188,1.7506484985351562,1.7999725341796875,1.7557373046875,1.6446914672851562,1.4655685424804688,1.4070281982421875,1.4559402465820312,1.5993881225585938,1.7066726684570312,1.4983673095703125,1.04840087890625,-0.04907989501953125,-1.0872116088867188,-0.941314697265625,-0.9425811767578125,-1.1292190551757812,-0.9140090942382812,-0.667755126953125,-0.6129608154296875,0.7901611328125,-0.64447021484375,-0.9768524169921875,-0.8369979858398438,1.1895065307617188,1.211273193359375,4.868827819824219,8.419960021972656,8.054542541503906,14.092315673828125,0.0,0.0,0.0,0.0,0.0,0.0,0.0,0.0,0.0,0.0,0.0
3.16033935546875,3.003814697265625,2.9018096923828125,2.8283233642578125,3.2430648803710938,3.6997909545898438,2.2949371337890625,2.0297164916992188,1.9680023193359375,1.8959579467773438,2.0266952514648438,1.9967880249023438,1.9581756591796875,1.8268966674804688,1.67340087890625,1.6351699829101562,1.676177978515625,1.8609848022460938,2.0095138549804688,1.8058929443359375,1.6354904174804688,1.1771469116210938,0.09835052490234375,-0.7403793334960938,-0.1865081787109375,-0.6990814208984375,-0.2390594482421875,0.37939453125,0.4685821533203125,2.007110595703125,2.6064682006835938,0.36382293701171875,-1.36407470703125,0.553558349609375,0.98175048828125,2.2237777709960938,3.6614151000976562,7.076019287109375,11.163131713867188,0.0,0.0,0.0,0.0,0.0,0.0,0.0,0.0,0.0,0.0,0.0
3.5774612426757812,3.3310546875,3.0874176025390625,3.2232513427734375,3.7465744018554688,4.362022399902344,2.5058746337890625,2.236053466796875,2.1460952758789062,2.1444015502929688,2.239471435546875,2.1761016845703125,2.1284027099609375,1.9760055541992188,1.81396484375,1.8121490478515625,1.8714141845703125,1.9901657104492188,2.1826095581054688,2.1368331909179688,2.1458206176757812,1.9191818237304688,1.2755050659179688,1.4666290283203125,1.1721420288085938,0.42537689208984375,0.44293975830078125,1.258544921875,1.796234130859375,3.1806640625,3.8538131713867188,3.5053329467773438,1.2225418090820312,0.5963668823242188,1.48504638671875,3.7039337158203125,7.620185852050781,13.454421997070312,0.0,0.0,0.0,0.0,0.0,0.0,0.0,0.0,0.0,0.0,0.0,0.0
4.0840606689453125,3.7092742919921875,3.3762283325195312,3.8422775268554688,4.4060211181640625,4.58489990234375,2.6990127563476562,2.4729461669921875,2.2969207763671875,2.50341796875,2.439666748046875,2.362884521484375,2.2847976684570312,2.108642578125,1.8239974975585938,1.8142013549804688,1.8380355834960938,1.8970184326171875,2.0817718505859375,2.2995986938476562,2.5594558715820312,2.470855712890625,2.18572998046875,2.0936203002929688,2.1059494018554688,1.796661376953125,1.6873092651367188,2.3851852416992188,2.9027862548828125,4.313346862792969,4.942909240722656,3.1306304931640625,1.874847412109375,2.0739669799804688,1.6511154174804688,3.7039337158203125,7.620185852050781,13.454421997070312,0.0,0.0,0.0,0.0,0.0,0.0,0.0,0.0,0.0,0.0,0.0,0.0
4.0000762939453125,3.5985336303710938,3.3628921508789062,3.5955810546875,4.172615051269531,4.745460510253906,2.7774810791015625,2.6358642578125,2.505706787109375,2.6976470947265625,2.5798797607421875,2.4952621459960938,2.413055419921875,2.2370223999023438,1.837249755859375,1.8350143432617188,1.8198013305664062,1.8410415649414062,2.1031723022460938,2.4773483276367188,3.1827316284179688,2.5539474487304688,2.3079910278320312,2.3166046142578125,2.5834426879882812,2.6095428466796875,2.9492645263671875,3.5188980102539062,3.9154586791992188,4.939582824707031,5.182960510253906,4.268287658691406,2.1567459106445312,2.38970947265625,2.5415725708007812,3.9450225830078125,7.620185852050781,13.454421997070312,0.0,0.0,0.0,0.0,0.0,0.0,0.0,0.0,0.0,0.0,0.0,0.0
3.9030075073242188,3.7636566162109375,3.7003173828125,3.99810791015625,4.659385681152344,5.5057830810546875,2.8450851440429688,2.7672805786132812,2.941253662109375,2.8235321044921875,2.7099075317382812,2.6211624145507812,2.5487213134765625,2.3813247680664062,1.9388427734375,1.8460922241210938,1.74127197265625,1.7117385864257812,1.9536361694335938,2.5035018920898438,2.70819091796875,2.8933792114257812,2.6278228759765625,2.6664962768554688,2.9363327026367188,3.049957275390625,3.6709442138671875,4.656402587890625,5.089653015136719,5.980827331542969,6.1446380615234375,5.3426666259765625,3.9637908935546875,3.4673080444335938,3.9671478271484375,4.992706298828125,5.131156921386719,13.454421997070312,0.0,0.0,0.0,0.0,0.0,0.0,0.0,0.0,0.0,0.0,0.0,0.0
4.123390197753906,4.3825531005859375,4.6707611083984375,4.765960693359375,5.0164642333984375,6.344932556152344,3.0239105224609375,3.0003280639648438,3.1373977661132812,3.0502090454101562,2.9626235961914062,2.870513916015625,2.7959976196289062,2.642822265625,2.15985107421875,2.0028762817382812,1.8304672241210938,1.7733688354492188,2.1524658203125,2.4273300170898438,2.805389404296875,3.0525436401367188,2.7189788818359375,2.8196563720703125,3.2105941772460938,3.3924331665039062,4.2769012451171875,5.221122741699219,5.7061309814453125,7.276222229003906,7.2714385986328125,6.491966247558594,5.276222229003906,4.530342102050781,4.6311798095703125,5.0873870849609375,5.047340393066406,5.962409973144531,8.869026184082031,0.0,0.0,0.0,0.0,0.0,0.0,0.0,0.0,0.0,0.0,0.0
4.8036346435546875,5.0381927490234375,5.4591064453125,5.228935241699219,4.955848693847656,6.704681396484375,3.1632537841796875,3.2385711669921875,3.3003692626953125,3.2531661987304688,3.1866989135742188,3.1083450317382812,3.0217361450195312,2.8864288330078125,2.3520584106445312,2.1140670776367188,2.2432022094726562,2.2918853759765625,2.3445358276367188,2.6274948120117188,3.0538787841796875,3.3332443237304688,3.0281295776367188,3.1746673583984375,3.5354156494140625,3.637481689453125,4.52166748046875,5.304557800292969,5.156654357910156,7.119819641113281,7.478034973144531,6.19403076171875,4.837226867675781,3.875152587890625,3.7798843383789062,3.8116531372070312,3.5427474975585938,3.3918228149414062,2.2128219604492188,2.5545578002929688,0.0,0.0,0.0,0.0,0.0,0.0,0.0,0.0,0.0,0.0
5.184486389160156,5.4923095703125,5.846015930175781,4.938995361328125,4.638175964355469,3.3363876342773438,3.2991867065429688,3.1328811645507812,3.3769378662109375,3.3030319213867188,3.2309036254882812,3.1502609252929688,3.0916519165039062,2.9928054809570312,2.8347625732421875,2.4850311279296875,2.3574371337890625,2.4036407470703125,2.3857345581054688,2.496002197265625,2.7748489379882812,3.0734100341796875,2.5460739135742188,2.7768096923828125,2.9683761596679688,3.0303497314453125,4.127693176269531,4.599800109863281,4.263328552246094,5.788459777832031,8.328445434570312,6.153846740722656,4.2825164794921875,3.0034332275390625,2.8712539672851562,2.60296630859375,2.320220947265625,1.8329086303710938,0.7234420776367188,0.13834381103515625,0.33124542236328125,0.0,0.0,0.0,0.0,0.0,0.0,0.0,0.0,0.0
5.479667663574219,5.8412933349609375,5.8162841796875,4.1561431884765625,4.905082702636719,3.5093612670898438,3.5108413696289062,3.4878768920898438,3.565093994140625,3.5014114379882812,3.4479141235351562,3.3669891357421875,3.2848968505859375,3.1584320068359375,2.98858642578125,2.6085586547851562,2.5023880004882812,2.5681686401367188,2.486083984375,2.627197265625,2.9677963256835938,3.1540374755859375,2.4986343383789062,2.7304229736328125,2.8865127563476562,3.0010833740234375,3.7375259399414062,4.0416717529296875,3.6880035400390625,4.491752624511719,7.2391357421875,6.817604064941406,4.170188903808594,1.2863540649414062,1.6195068359375,1.3940963745117188,1.3934097290039062,0.9045333862304688,-0.0342864990234375,-0.6059951782226562,-0.6094741821289062,0.0,0.0,0.0,0.0,0.0,0.0,0.0,0.0,0.0
5.7730712890625,5.760902404785156,5.009132385253906,2.7673416137695312,2.8500442504882812,3.6324310302734375,3.6210556030273438,3.6993560791015625,3.667083740234375,3.6178665161132812,3.5853424072265625,3.5208816528320312,3.4327468872070312,3.3031234741210938,3.1349639892578125,2.7819976806640625,2.7198638916015625,2.7619171142578125,2.6595458984375,2.7926101684570312,3.19415283203125,3.2446212768554688,2.6379241943359375,2.9593429565429688,3.0562973022460938,3.1985015869140625,3.9715042114257812,3.9614639282226562,3.7967605590820312,4.020057678222656,4.689903259277344,5.292884826660156,0.0,-3.84735107421875,-4.020172119140625,-3.800079345703125,-0.8694534301757812,-0.37744140625,-0.7808609008789062,-1.0883331298828125,-1.1607513427734375,0.0,0.0,0.0,0.0,0.0,0.0,0.0,0.0,0.0
5.709663391113281,5.148216247558594,4.3835906982421875,0.8418045043945312,0.5263442993164062,3.7439422607421875,3.6975784301757812,3.7725143432617188,3.7405166625976562,3.6896820068359375,3.6751022338867188,3.618560791015625,3.522247314453125,3.3985595703125,3.2444000244140625,2.94647216796875,2.8734054565429688,2.9153976440429688,2.7629013061523438,2.8689193725585938,3.3816909790039062,3.4799728393554688,2.8950271606445312,3.3070220947265625,3.2555084228515625,3.4030075073242188,4.180732727050781,3.9553985595703125,3.9025802612304688,4.137351989746094,4.563911437988281,5.078086853027344,4.6377716064453125,0.0,0.0,0.0,0.0,0.0,1.9971084594726562,-0.098297119140625,-3.0111541748046875,0.0,0.0,0.0,0.0,0.0,0.0,0.0,0.0,0.0
5.6566009521484375,4.949882507324219,4.468925476074219,1.0048065185546875,1.8408584594726562,3.8657073974609375,3.804840087890625,3.825408935546875,3.8028945922851562,3.7483444213867188,3.7486495971679688,3.7071533203125,3.6022491455078125,3.4929885864257812,3.3525772094726562,3.140838623046875,3.0427169799804688,3.1153717041015625,2.9695281982421875,3.0383224487304688,3.586700439453125,3.739654541015625,3.4233551025390625,3.8084869384765625,3.887786865234375,3.8590621948242188,4.544792175292969,4.212318420410156,4.318267822265625,4.589988708496094,4.7349700927734375,5.365821838378906,6.760993957519531,7.407371520996094,0.0,0.0,0.0,0.0,0.0,0.0,0.0,0.0,0.0,0.0,0.0,0.0,0.0,0.0,0.0,0.0
5.947029113769531,5.2398681640625,4.8673248291015625,3.6189041137695312,0.0,0.0,3.9692535400390625,3.99273681640625,3.9614181518554688,3.8863601684570312,3.8677139282226562,3.8248977661132812,3.7264556884765625,3.63140869140625,3.4737548828125,3.2452316284179688,3.1510696411132812,3.2642059326171875,3.1981964111328125,3.2562408447265625,3.7509765625,3.865692138671875,3.746978759765625,4.2150115966796875,4.374237060546875,4.37896728515625,4.7362213134765625,4.38555908203125,4.96337890625,4.963890075683594,5.077186584472656,5.8155517578125,6.9254608154296875,8.064888000488281,0.0,0.0,0.0,0.0,0.0,0.0,0.0,0.0,0.0,0.0,0.0,0.0,0.0,0.0,0.0,0.0
6.155426025390625,5.575401306152344,4.046348571777344,0.0,0.0,0.0,4.1146697998046875,4.143890380859375,4.10394287109375,4.002113342285156,3.9665603637695312,3.9319000244140625,3.8299331665039062,3.736724853515625,3.5670166015625,3.28631591796875,3.2661056518554688,3.4149703979492188,3.342071533203125,3.4157943725585938,3.9051284790039062,3.9373626708984375,3.8269195556640625,4.27655029296875,4.587181091308594,4.46435546875,4.515830993652344,4.7056732177734375,5.791053771972656,5.800605773925781,5.848381042480469,6.594024658203125,7.249664306640625,7.964019775390625,8.067031860351562,0.0,0.0,0.0,0.0,0.0,0.0,0.0,0.0,0.0,0.0,0.0,0.0,0.0,0.0,0.0
6.460784912109375,2.867950439453125,2.1132736206054688,0.0,0.0,0.0,4.259757995605469,4.2917938232421875,4.224861145019531,4.1107635498046875,4.0616912841796875,4.036033630371094,3.9277267456054688,3.823577880859375,3.6120834350585938,3.2686233520507812,3.32928466796875,3.4645004272460938,3.4177780151367188,3.5412063598632812,4.080207824707031,4.1317291259765625,4.108573913574219,4.491462707519531,4.586753845214844,4.327705383300781,4.0020294189453125,3.900421142578125,4.927528381347656,6.308708190917969,6.960426330566406,8.093612670898438,8.81402587890625,9.897293090820312,10.159149169921875,8.766181945800781,0.0,0.0,0.0,0.0,0.0,0.0,0.0,0.0,0.0,0.0,0.0,0.0,0.0,0.0
5.656280517578125,2.5882568359375,0.0,0.0,0.0,0.0,4.359306335449219,4.404106140136719,4.3331146240234375,4.245994567871094,4.18731689453125,4.176734924316406,4.062461853027344,3.9541397094726562,3.7161483764648438,3.33868408203125,3.3885269165039062,3.4258880615234375,3.4248504638671875,3.6008758544921875,4.1753387451171875,4.319694519042969,4.371665954589844,4.895530700683594,4.785743713378906,4.347908020019531,3.7831649780273438,3.4729461669921875,4.2732391357421875,5.232368469238281,6.3202362060546875,8.478111267089844,8.863029479980469,10.539169311523438,10.92510986328125,9.817985534667969,0.0,0.0,0.0,0.0,0.0,0.0,0.0,0.0,0.0,0.0,0.0,0.0,0.0,0.0
6.158721923828125,0.0,0.0,0.0,0.0,0.0,4.431304931640625,4.4765167236328125,4.4006500244140625,4.329994201660156,4.2694854736328125,4.26898193359375,4.138740539550781,4.0411529541015625,3.765716552734375,3.3572998046875,3.3193359375,3.3747024536132812,3.4372482299804688,3.662506103515625,4.298095703125,4.3871612548828125,4.5809783935546875,5.209556579589844,4.935699462890625,4.406486511230469,3.7586593627929688,3.4820632934570312,4.0726470947265625,5.073097229003906,6.376564025878906,8.081825256347656,5.833427429199219,9.344718933105469,0.0,0.0,0.0,0.0,0.0,0.0,0.0,0.0,0.0,0.0,0.0,0.0,0.0,0.0,0.0,0.0
0.0,0.0,0.0,0.0,0.0,0.0,4.425331115722656,4.4648590087890625,4.4122314453125,4.3695526123046875,4.300758361816406,4.312644958496094,4.194847106933594,4.115478515625,3.8687667846679688,3.4832763671875,3.33880615234375,3.3798828125,3.5152130126953125,3.7650222778320312,4.423194885253906,4.5616455078125,4.802276611328125,5.442451477050781,5.226417541503906,4.3849334716796875,3.7290420532226562,3.5383071899414062,3.871124267578125,4.705810546875,5.562034606933594,5.919281005859375,3.349151611328125,5.402984619140625,4.818626403808594,0.2490386962890625,0.0,0.0,0.0,0.0,0.0,0.0,0.0,0.0,0.0,0.0,0.0,0.0,0.0,0.0
0.0,0.0,0.0,0.0,0.0,0.0,4.5233612060546875,4.5484161376953125,4.526710510253906,4.4983062744140625,4.413810729980469,4.404685974121094,4.309303283691406,4.224609375,3.9634323120117188,3.5438461303710938,3.3187408447265625,3.3286972045898438,3.5910873413085938,3.9338226318359375,4.7315826416015625,5.0356292724609375,5.312652587890625,5.74627685546875,5.479972839355469,4.511421203613281,3.5927658081054688,3.5166549682617188,3.8893585205078125,4.715095520019531,5.329048156738281,5.576263427734375,3.2484664916992188,4.071266174316406,3.036529541015625,0.530853271484375,0.0,0.0,0.0,0.0,0.0,0.0,0.0,0.0,0.0,0.0,0.0,0.0,0.0,0.0
0.0,0.0,0.0,0.0,0.0,0.0,4.6978607177734375,4.709953308105469,4.685272216796875,4.6548004150390625,4.540153503417969,4.487419128417969,4.400703430175781,4.330924987792969,3.9853973388671875,3.5495071411132812,3.3221282958984375,3.3158645629882812,3.7482757568359375,4.194969177246094,5.00146484375,5.337982177734375,5.6553802490234375,5.9132232666015625,5.667076110839844,4.624504089355469,3.4971389770507812,3.575286865234375,4.008087158203125,4.6004638671875,5.033447265625,5.172508239746094,3.0905075073242188,3.2839431762695312,2.1807632446289062,1.273040771484375,-5.912086486816406,0.0,0.0,0.0,0.0,0.0,0.0,0.0,0.0,0.0,0.0,0.0,0.0,0.0
