atc.json
{"header": {"parameterUnit": "m.s-1", "parameterNumber": 3, "dx": 0.0027313232421875, "dy": 0.002254486083984375, "parameterNumberName": "northward_wind", "la1": 34.772125244140625, "la2": 34.50394821166992, "parameterCategory": 2, "lo2": 135.57212829589844, "nx": 120, "ny": 120, "refTime": "2017-02-01 23:00:00", "lo1": 135.24765014648438}, "data":
[rows 44 to 65 of 120, columns 0 to 49 of 120]
0.0,0.0,0.0,0.0,0.0,0.0,20.784523010253906,19.212173461914062,18.01256561279297,17.004531860351562,16.74273681640625,16.86817169189453,16.25719451904297,15.456291198730469,14.075775146484375,12.96502685546875,12.602142333984375,12.78692626953125,12.700164794921875,13.30047607421875,12.958099365234375,12.623458862304688,11.613143920898438,10.742485046386719,10.505523681640625,10.015945434570312,9.81011962890625,8.989234924316406,8.869941711425781,8.535316467285156,7.956367492675781,7.510780334472656,7.275733947753906,7.417724609375,7.819305419921875,7.908592224121094,7.661689758300781,7.478477478027344,6.76275634765625,6.38824462890625,5.940940856933594,5.4888458251953125,5.047706604003906,4.979957580566406,4.756706237792969,4.6636810302734375,4.9228363037109375,4.821868896484375,4.827980041503906,4.948448181152344
0.0,0.0,0.0,0.0,0.0,0.0,22.075836181640625,20.85063934326172,18.764564514160156,17.871986389160156,17.710227966308594,17.369140625,16.38910675048828,15.258552551269531,13.512351989746094,12.617156982421875,12.431953430175781,12.927818298339844,12.86962890625,13.581863403320312,13.420173645019531,12.812240600585938,11.675575256347656,10.5416259765625,9.899749755859375,9.414306640625,9.678916931152344,8.750701904296875,8.521255493164062,8.270729064941406,7.809257507324219,7.295295715332031,7.069038391113281,7.310951232910156,7.5930938720703125,7.344444274902344,7.226936340332031,7.254432678222656,6.62200927734375,6.368316650390625,6.007171630859375,5.48040771484375,4.9613189697265625,4.727088928222656,4.473457336425781,4.438232421875,4.6823883056640625,4.6211090087890625,4.667304992675781,4.863250732421875
0.0,0.0,0.0,0.0,0.0,22.526954650878906,21.09496307373047,20.382774353027344,18.85308837890625,18.385040283203125,18.564498901367188,18.15489959716797,17.38513946533203,16.06342315673828,14.244346618652344,13.574180603027344,13.512626647949219,13.997970581054688,13.734977722167969,14.070175170898438,13.7928466796875,13.193191528320312,12.648727416992188,11.98114013671875,11.166206359863281,10.825332641601562,11.243125915527344,10.190834045410156,9.463768005371094,8.9227294921875,8.44970703125,7.9568634033203125,7.612571716308594,7.8807220458984375,8.058677673339844,7.507225036621094,7.545600891113281,7.6681671142578125,6.973480224609375,6.6141510009765625,6.260444641113281,5.803398132324219,5.341880798339844,4.932037353515625,4.587547302246094,4.522789001464844,4.7108917236328125,4.664726257324219,4.6422271728515625,4.7889251708984375
0.0,0.0,0.0,0.0,0.0,0.0,22.133750915527344,21.337623596191406,19.878952026367188,19.377418518066406,19.263442993164062,18.595062255859375,17.60297393798828,16.297523498535156,14.871345520019531,14.203697204589844,13.998130798339844,14.535125732421875,14.382072448730469,14.783905029296875,14.4146728515625,13.623664855957031,13.030540466308594,12.521286010742188,12.282501220703125,11.845634460449219,11.640701293945312,10.888236999511719,9.938209533691406,9.11114501953125,8.525848388671875,7.950248718261719,7.437431335449219,7.4479827880859375,7.57464599609375,7.208015441894531,7.106681823730469,7.279914855957031,6.584564208984375,6.087249755859375,5.8796234130859375,5.629051208496094,5.2946624755859375,4.8278350830078125,4.420570373535156,4.324897766113281,4.554962158203125,4.557037353515625,4.5614776611328125,4.716514587402344
0.0,0.0,0.0,0.0,22.157188415527344,21.13164520263672,19.788192749023438,19.5750732421875,19.203079223632812,18.801071166992188,18.716598510742188,18.169715881347656,17.315086364746094,16.14141082763672,14.855514526367188,14.206649780273438,13.577674865722656,14.149612426757812,14.097740173339844,14.313034057617188,14.028091430664062,13.371994018554688,12.85443115234375,12.39202880859375,11.870162963867188,11.571334838867188,11.262344360351562,10.820549011230469,10.033348083496094,9.153678894042969,8.777839660644531,8.103652954101562,7.6012115478515625,7.599403381347656,7.560302734375,7.1326751708984375,6.9934844970703125,7.229087829589844,6.475242614746094,5.790504455566406,5.561614990234375,5.269477844238281,4.969146728515625,4.5392608642578125,4.141960144042969,4.069953918457031,4.368316650390625,4.413246154785156,4.491127014160156,4.5807647705078125
0.0,0.0,0.0,0.0,20.295989990234375,18.557968139648438,17.76721954345703,17.709800720214844,18.019775390625,18.027328491210938,18.11127471923828,17.50182342529297,17.137893676757812,16.460159301757812,15.396087646484375,14.352401733398438,13.2103271484375,12.999458312988281,12.660751342773438,12.161849975585938,11.621810913085938,11.255470275878906,10.877944946289062,10.760719299316406,10.478851318359375,10.338768005371094,10.14642333984375,10.014228820800781,9.82269287109375,9.214347839355469,8.957756042480469,8.557525634765625,8.004570007324219,7.8628387451171875,7.827880859375,7.527671813964844,7.334632873535156,7.4846343994140625,6.7972412109375,6.127937316894531,5.829002380371094,5.564117431640625,5.197731018066406,4.728294372558594,4.2817535400390625,4.176475524902344,4.38995361328125,4.4326171875,4.3286285400390625,4.599357604980469
0.0,0.0,0.0,0.0,15.817543029785156,13.944572448730469,13.101272583007812,13.748588562011719,15.014549255371094,15.603431701660156,16.036605834960938,15.983207702636719,16.258163452148438,16.240890502929688,15.889892578125,15.314849853515625,14.661758422851562,14.116424560546875,13.081031799316406,12.073661804199219,10.875869750976562,10.088409423828125,9.518318176269531,9.528701782226562,9.719978332519531,9.23236083984375,8.55279541015625,8.78521728515625,9.062324523925781,8.9041748046875,8.703887939453125,8.718795776367188,8.368461608886719,8.089248657226562,8.091407775878906,7.8958892822265625,7.580741882324219,7.6300506591796875,6.9318084716796875,6.3939971923828125,6.0251922607421875,5.702156066894531,5.374824523925781,4.919853210449219,4.473808288574219,4.281150817871094,4.414344787597656,4.4404144287109375,4.452430725097656,4.6805572509765625
0.0,0.0,0.0,0.0,10.709671020507812,8.315444946289062,9.468795776367188,11.185737609863281,13.296577453613281,14.429206848144531,15.333488464355469,15.652450561523438,15.703094482421875,15.761375427246094,15.985435485839844,15.892608642578125,15.507743835449219,15.223762512207031,14.028854370117188,12.792434692382812,11.501884460449219,10.59832763671875,10.163551330566406,10.201934814453125,9.81927490234375,9.279998779296875,8.323326110839844,8.657318115234375,9.253448486328125,9.185684204101562,8.954010009765625,9.086685180664062,8.791656494140625,8.44134521484375,8.456001281738281,8.26995849609375,7.966896057128906,7.828727722167969,7.260643005371094,6.7768402099609375,6.3593597412109375,6.0136566162109375,5.7525177001953125,5.308280944824219,4.8484954833984375,4.5718536376953125,4.571342468261719,4.470733642578125,4.371971130371094,4.5233612060546875
0.0,0.0,0.0,0.0,10.709671020507812,9.084548950195312,9.840080261230469,11.498268127441406,13.067520141601562,14.240684509277344,15.334243774414062,15.851371765136719,15.226753234863281,14.5042724609375,14.409339904785156,14.360313415527344,14.245285034179688,14.128189086914062,13.355499267578125,12.863296508789062,12.50054931640625,12.434967041015625,12.327537536621094,12.497993469238281,12.449188232421875,11.85205078125,10.821815490722656,10.806594848632812,10.900909423828125,10.527671813964844,9.873992919921875,9.509521484375,9.078712463378906,8.573699951171875,8.541793823242188,8.438858032226562,8.205062866210938,7.998382568359375,7.507072448730469,7.105476379394531,6.8146209716796875,6.429359436035156,6.109123229980469,5.624290466308594,5.138938903808594,4.845184326171875,4.898262023925781,4.919364929199219,4.682830810546875,4.591926574707031
0.0,0.0,0.0,5.9965057373046875,8.10400390625,9.088752746582031,10.327117919921875,11.682487487792969,12.808662414550781,13.383262634277344,14.322196960449219,15.145881652832031,15.434913635253906,14.761306762695312,13.839309692382812,13.814949035644531,14.331558227539062,14.794960021972656,14.743904113769531,14.890754699707031,14.822830200195312,14.778312683105469,14.604385375976562,14.799041748046875,15.098136901855469,14.379310607910156,13.03240966796875,12.501670837402344,12.040199279785156,11.306365966796875,10.486351013183594,10.20416259765625,9.614830017089844,8.915901184082031,8.631736755371094,8.530296325683594,8.210739135742188,7.8338775634765625,7.430671691894531,7.048255920410156,6.683662414550781,6.295738220214844,6.013099670410156,5.610069274902344,5.172843933105469,4.953895568847656,5.0322723388671875,4.9252166748046875,4.656242370605469,4.541481018066406
0.0,0.0,0.0,0.0,9.446556091308594,11.476226806640625,11.741554260253906,12.351303100585938,12.237876892089844,12.261199951171875,13.017341613769531,13.974449157714844,14.413963317871094,13.692741394042969,12.865325927734375,12.533821105957031,13.089370727539062,13.668022155761719,14.105209350585938,14.256423950195312,14.045143127441406,13.955978393554688,14.30450439453125,14.819129943847656,15.166908264160156,14.680877685546875,13.403129577636719,12.376922607421875,11.838455200195312,11.165565490722656,10.431915283203125,9.955589294433594,9.374908447265625,8.643386840820312,8.174285888671875,7.9902801513671875,7.779151916503906,7.512718200683594,7.2929840087890625,6.97314453125,6.644287109375,6.35137939453125,6.118690490722656,5.744171142578125,5.337425231933594,5.126495361328125,5.056312561035156,4.902702331542969,4.6788482666015625,4.53607177734375
0.0,0.0,0.0,0.0,8.711410522460938,11.272193908691406,11.666946411132812,11.613052368164062,11.189399719238281,11.532180786132812,12.661979675292969,13.955825805664062,14.835739135742188,14.041610717773438,12.98773193359375,12.213645935058594,12.77032470703125,12.732261657714844,12.995285034179688,12.926521301269531,13.13250732421875,13.440673828125,13.935905456542969,14.160758972167969,14.384315490722656,14.081596374511719,13.653656005859375,12.565620422363281,11.979179382324219,10.896087646484375,10.141448974609375,9.82403564453125,9.313858032226562,8.594352722167969,8.159347534179688,7.9746246337890625,7.8375701904296875,7.82208251953125,7.8688812255859375,7.648468017578125,7.2265167236328125,6.876945495605469,6.559898376464844,6.016914367675781,5.524078369140625,5.314277648925781,5.080039978027344,4.830352783203125,4.6192169189453125,4.3942108154296875
0.0,0.0,0.0,0.0,0.0,16.45806121826172,15.100975036621094,14.059730529785156,12.756004333496094,12.708625793457031,13.363914489746094,14.394828796386719,15.120574951171875,13.376274108886719,11.804817199707031,10.269752502441406,10.672019958496094,10.819976806640625,11.355979919433594,11.679443359375,12.265777587890625,12.88323974609375,13.414199829101562,13.684524536132812,14.191055297851562,13.816902160644531,13.211280822753906,12.28704833984375,11.637168884277344,10.518608093261719,9.894737243652344,9.348899841308594,8.869125366210938,8.090057373046875,7.716217041015625,7.58355712890625,7.6716156005859375,7.677558898925781,7.771736145019531,7.5787811279296875,7.217430114746094,6.812400817871094,6.4463348388671875,5.874809265136719,5.459739685058594,5.292655944824219,5.1113739013671875,4.9442291259765625,4.916755676269531,4.710121154785156
0.0,0.0,0.0,0.0,19.63134002685547,19.766464233398438,19.1951904296875,18.597976684570312,18.215728759765625,18.195465087890625,17.766075134277344,17.624427795410156,17.23607635498047,15.477088928222656,14.354965209960938,13.051406860351562,12.414749145507812,12.21246337890625,12.1624755859375,12.065284729003906,12.288299560546875,12.247055053710938,12.487831115722656,12.436943054199219,12.315444946289062,12.062210083007812,11.801948547363281,11.03192138671875,10.498748779296875,9.9302978515625,9.8426513671875,9.3668212890625,8.939628601074219,8.353538513183594,7.7163238525390625,7.310234069824219,7.258110046386719,7.204841613769531,7.1999053955078125,7.042457580566406,6.8111114501953125,6.455101013183594,6.0908050537109375,5.649833679199219,5.403343200683594,5.191802978515625,5.2371978759765625,5.346626281738281,5.3817138671875,5.026023864746094
0.0,0.0,0.0,0.0,18.167221069335938,19.703529357910156,20.16455078125,20.089508056640625,19.994911193847656,19.767608642578125,18.43658447265625,17.618423461914062,17.47406768798828,16.901611328125,16.189956665039062,14.578514099121094,13.197113037109375,12.244560241699219,11.680458068847656,11.42242431640625,11.394279479980469,11.033538818359375,11.047615051269531,10.777847290039062,10.746536254882812,10.636436462402344,10.614166259765625,9.977348327636719,9.849586486816406,9.522529602050781,9.725334167480469,9.536788940429688,9.181625366210938,8.834968566894531,8.386077880859375,7.987060546875,7.8130340576171875,7.5690155029296875,7.405509948730469,7.055885314941406,6.706573486328125,6.388702392578125,6.002311706542969,5.715126037597656,5.585487365722656,5.135345458984375,5.3147735595703125,5.426048278808594,5.434852600097656,5.153594970703125
0.0,0.0,0.0,0.0,17.247161865234375,17.957595825195312,18.823760986328125,19.495559692382812,19.851394653320312,19.565208435058594,18.08055877685547,17.349571228027344,17.683570861816406,18.13422393798828,17.88690185546875,16.33592987060547,14.375511169433594,12.627891540527344,11.802658081054688,11.097274780273438,10.643638610839844,10.202880859375,9.779342651367188,9.306755065917969,9.513252258300781,9.537162780761719,9.5570068359375,9.375694274902344,9.553108215332031,9.359764099121094,9.4991455078125,9.292144775390625,8.924652099609375,8.564651489257812,8.179664611816406,7.765655517578125,7.5839691162109375,7.332244873046875,7.1261444091796875,6.90118408203125,6.65594482421875,6.3739013671875,5.948493957519531,5.7135009765625,5.593559265136719,5.369239807128906,5.431053161621094,5.412010192871094,5.323371887207031,4.904365539550781
0.0,0.0,0.0,0.0,21.347732543945312,19.598403930664062,20.235580444335938,21.484962463378906,22.404891967773438,22.297042846679688,20.537979125976562,19.514404296875,19.663192749023438,20.632980346679688,20.87279510498047,18.71227264404297,15.619911193847656,13.017059326171875,11.274513244628906,9.832046508789062,8.949195861816406,8.608200073242188,8.470306396484375,8.356765747070312,8.072669982910156,8.208023071289062,8.528648376464844,8.636802673339844,9.255401611328125,9.583023071289062,9.606277465820312,9.340080261230469,9.010688781738281,8.882827758789062,8.668670654296875,8.279327392578125,8.104217529296875,7.7541656494140625,7.59014892578125,7.298370361328125,7.0097198486328125,6.732330322265625,6.365509033203125,6.0855865478515625,5.941886901855469,5.633888244628906,5.53106689453125,5.243873596191406,5.0265960693359375,4.585845947265625
0.0,0.0,0.0,0.0,21.347732543945312,19.598403930664062,20.235580444335938,21.484962463378906,22.404891967773438,22.297042846679688,20.537979125976562,17.974937438964844,15.513473510742188,14.689033508300781,12.948280334472656,12.597572326660156,11.363014221191406,10.075096130371094,9.477394104003906,9.70458984375,9.453285217285156,9.344535827636719,9.424179077148438,9.361923217773438,8.787895202636719,8.695228576660156,9.164161682128906,9.348098754882812,9.383262634277344,9.630157470703125,9.500495910644531,8.825607299804688,8.509735107421875,8.429420471191406,8.221351623535156,7.980438232421875,7.732940673828125,7.365608215332031,7.166587829589844,6.913581848144531,6.819709777832031,6.5886383056640625,6.275062561035156,6.108024597167969,6.026756286621094,5.984947204589844,5.794685363769531,5.441062927246094,5.134223937988281,4.5273895263671875
0.0,0.0,0.0,0.0,19.532203674316406,18.50597381591797,20.611480712890625,22.635345458984375,0.0,23.00354766845703,21.14562225341797,17.22199249267578,14.662826538085938,13.421173095703125,10.785934448242188,12.058479309082031,11.707550048828125,11.409912109375,11.668792724609375,12.486618041992188,12.847610473632812,12.869209289550781,12.601676940917969,11.764892578125,11.014999389648438,10.74566650390625,10.856231689453125,10.536773681640625,10.067588806152344,9.917037963867188,9.405662536621094,8.546302795410156,7.961860656738281,8.070343017578125,7.9987640380859375,7.7233428955078125,7.3538360595703125,6.7847442626953125,6.500213623046875,6.456779479980469,6.437248229980469,6.3564910888671875,6.2035064697265625,6.1851043701171875,6.1308135986328125,6.167945861816406,5.8568115234375,5.246788024902344,4.599617004394531,3.947235107421875
0.0,0.0,0.0,0.0,0.0,12.914421081542969,14.929595947265625,8.386367797851562,8.388916015625,8.335105895996094,7.702392578125,7.0447540283203125,6.8916168212890625,8.361984252929688,9.384567260742188,12.697822570800781,13.734794616699219,14.293289184570312,14.540130615234375,14.544479370117188,14.191268920898438,13.706123352050781,13.424774169921875,12.875686645507812,11.935470581054688,11.410629272460938,11.210891723632812,10.507957458496094,10.1746826171875,10.081390380859375,9.602622985839844,8.631118774414062,7.9014434814453125,7.96295166015625,7.755561828613281,7.517158508300781,7.036224365234375,6.627555847167969,6.609840393066406,6.797233581542969,6.907066345214844,6.83612060546875,6.678749084472656,6.527061462402344,6.354339599609375,6.618621826171875,6.0290985107421875,5.255104064941406,4.6002197265625,3.6760101318359375
0.0,0.0,0.0,0.0,10.987754821777344,11.255012512207031,10.986526489257812,10.0050048828125,10.135208129882812,9.6505126953125,9.344917297363281,9.249290466308594,9.168441772460938,10.369659423828125,10.939064025878906,12.515365600585938,13.222923278808594,12.999275207519531,13.316658020019531,13.891311645507812,14.01708984375,14.004287719726562,14.405380249023438,14.070144653320312,13.436515808105469,13.29913330078125,13.043594360351562,12.325958251953125,11.808586120605469,11.129371643066406,10.290382385253906,9.311943054199219,8.246536254882812,7.908332824707031,7.762359619140625,7.529991149902344,7.256080627441406,7.100059509277344,7.32135009765625,7.450462341308594,7.3307037353515625,7.1890869140625,6.9854278564453125,6.69024658203125,6.3175506591796875,6.3416595458984375,5.610260009765625,4.759490966796875,3.983367919921875,3.1077499389648438
0.0,0.0,0.0,10.633804321289062,10.53472900390625,10.823143005371094,10.403556823730469,10.067955017089844,9.950355529785156,9.549102783203125,9.961090087890625,9.820976257324219,9.7640380859375,10.534683227539062,10.640754699707031,11.086906433105469,11.788200378417969,11.484100341796875,12.123062133789062,12.468368530273438,12.599311828613281,13.253868103027344,13.755661010742188,13.735198974609375,13.733650207519531,13.413658142089844,13.12042236328125,12.562240600585938,12.207252502441406,11.514137268066406,10.759994506835938,9.553802490234375,8.528297424316406,8.160385131835938,7.9592742919921875,7.709419250488281,7.691490173339844,7.711479187011719,7.8584442138671875,8.006477355957031,7.8143157958984375,7.5835418701171875,7.360984802246094,6.839546203613281,6.3048553466796875,5.810096740722656,5.131584167480469,4.5225982666015625,3.8984756469726562,3.1349029541015625
