hampton.json
{"header": {"parameterUnit": "m.s-1", "parameterNumber": 2, "dx": 0.002809577985942724, "dy": 0.0022527344916269954, "parameterNumberName": "eastward_wind", "la1": 37.15957399075897, "la2": 36.891503624159576, "lo1": -76.50857562782295, "lo2": -76.17423395016301, "nx": 120, "ny": 120, "parameterCategory": 2, "refTime": "2023-08-07 05:02:05"}, "data":
[rows 0 to 24 of 120, columns 55 to 109 of 120]
0.0,0.0,0.0,0.0,0.0,0.0,0.0,0.0,0.0,0.0,0.0,0.0,0.0,0.0,0.0,0.0,0.0,0.0,0.0,0.0,0.0,0.0,0.0,0.0,0.0,0.0,0.0,0.0,0.0,0.0,0.0,0.0,0.0,0.0,0.0,0.0,0.0,0.0,0.0,0.0,0.0,0.0,0.0,0.0,0.0,0.0,0.0,0.0,0.0,0.0,0.0,0.0,0.0,0.0,0.0
0.0,0.0,0.0,0.0,0.0,0.0,0.0,0.0,0.0,0.0,0.0,0.0,0.0,0.0,0.0,0.0,0.0,0.0,7.513211951905927,0.0,0.0,0.0,0.0,-12.485457391373108,-11.956866226056585,-11.956866226056585,-11.927147213909684,0.0,0.0,0.0,0.0,0.0,0.0,0.0,0.0,0.0,0.0,0.0,0.0,0.0,0.0,0.0,0.0,0.0,0.0,0.0,0.0,0.0,0.0,0.0,0.0,0.0,0.0,0.0,0.0
0.0,0.0,0.0,0.0,0.0,0.0,0.0,0.0,6.260501318013847,6.260501318013847,0.0,0.0,0.0,0.0,0.0,0.0,0.0,13.000167695400444,8.411069859590526,0.0,0.0,0.0,0.0,-13.660589516753515,-13.380751968082164,-13.380751968082164,-11.305222092068615,0.0,0.0,0.0,0.0,0.0,0.0,0.0,0.0,0.0,0.0,0.0,0.0,0.0,0.0,0.0,0.0,0.0,0.0,0.0,0.0,0.0,0.0,0.0,0.0,0.0,0.0,0.0,0.0
0.0,0.0,0.0,0.0,0.0,0.0,0.0,0.0,7.199960011580263,7.199960011580263,0.0,0.0,0.0,0.0,0.0,0.0,0.0,10.623313199536167,8.014057293035231,0.0,0.0,0.0,0.0,-13.135837320452733,-12.920973757186983,-12.920973757186983,-11.23509894243568,0.0,0.0,0.0,0.0,0.0,0.0,0.0,0.0,0.0,0.0,0.0,0.0,0.0,0.0,0.0,0.0,0.0,0.0,0.0,0.0,0.0,0.0,0.0,0.0,0.0,0.0,0.0,0.0
0.0,0.0,0.0,0.0,0.0,0.0,0.0,7.70873101679713,6.91063567849928,6.6732043278574285,13.519767471289207,13.519767471289207,13.519767471289207,13.519767471289207,13.519767471289207,13.519767471289207,6.137086184507332,6.4152486821898576,6.0567602608100195,0.0,0.0,0.0,0.0,-10.989561995452922,-10.76556540919644,-11.318194716277416,-11.471129301411537,0.0,0.0,0.0,0.0,0.0,0.0,0.0,0.0,0.0,0.0,0.0,0.0,0.0,0.0,0.0,0.0,0.0,0.0,0.0,0.0,0.0,0.0,0.0,0.0,0.0,0.0,0.0,0.0
0.0,0.0,0.0,0.0,0.0,0.0,0.0,5.478136567176936,5.900785744579426,5.217618490287754,0.0,0.0,0.0,0.0,7.004980450811992,7.004980450811992,2.797996257992734,5.557792058475106,5.03761682504003,0.0,0.0,0.0,-6.867872312411229,-9.67754385006664,-9.491109023053154,-11.376462619681224,-11.411367162061781,-13.980222439010326,0.0,0.0,0.0,0.0,0.0,0.0,0.0,0.0,0.0,0.0,0.0,0.0,0.0,0.0,0.0,0.0,0.0,0.0,0.0,0.0,0.0,0.0,0.0,0.0,0.0,0.0,0.0
0.0,0.0,0.0,0.0,0.0,0.0,0.0,3.6243615142697037,5.48199851100888,4.358697169664684,0.0,0.0,0.0,0.0,6.676078235328627,6.676078235328627,3.682994053210522,6.136451214489601,5.295814169180149,0.0,0.0,-2.082114321110152,-3.8382777741029246,-8.159648169653286,-8.04294633088218,-10.758243844548607,-11.166125919564616,-13.053049383697825,0.0,0.0,0.0,0.0,0.0,0.0,0.0,0.0,0.0,0.0,0.0,0.0,0.0,0.0,0.0,0.0,0.0,0.0,0.0,0.0,0.0,0.0,0.0,0.0,0.0,0.0,0.0
0.0,-2.1814563101077726,-2.1814563101077726,-2.1814563101077726,0.0,0.0,0.0,1.865568833977328,4.111183017833645,2.9325253800732316,0.0,0.0,0.0,12.9557697278672,9.800551922391822,9.800551922391822,5.4330233280808296,7.18306631950045,4.338963464362756,0.0,1.3784557044220196,-0.685420521311706,-1.5850142942394343,-5.083379833573631,-5.0242649256449905,-8.445219967205935,-7.790416718223518,0.0,0.0,0.0,0.0,0.0,0.0,0.0,0.0,0.0,0.0,0.0,0.0,0.0,0.0,0.0,0.0,0.0,0.0,0.0,0.0,0.0,0.0,0.0,0.0,0.0,0.0,0.0,0.0
0.0,-1.7153060267264235,-1.7153060267264235,-1.7153060267264235,0.0,0.0,0.0,1.9197848343596262,4.208510992415728,2.8778287179396655,0.0,0.0,0.0,10.79028971320138,9.249921630287396,7.4537923280237015,5.34967763370783,7.105123381458187,3.066045107194043,0.4682474568398851,3.3760026755666903,1.4434153346551324,0.2378262077848845,-2.6647304764996966,-3.5347052480581955,-7.1347442176916065,-5.9598825801637085,13.916079832322474,20.62242283592185,22.02526076198538,12.76481888940609,0.0,0.0,0.0,0.0,0.0,0.0,0.0,0.0,0.0,0.0,0.0,0.0,0.0,0.0,0.0,0.0,0.0,0.0,0.0,0.0,0.0,0.0,0.0,0.0
0.0,-0.8874516459573625,-0.8874516459573625,-0.2381261625963261,-5.8569268084923145,0.0,0.0,2.3229973648462483,4.362086945302375,3.206858647724157,0.0,0.0,0.0,7.422292086284301,7.107127877235592,6.2952038900282,4.914662790107927,6.3933157917952785,2.3477157995417928,2.9963335937232967,4.509232328746538,2.9000819300693736,0.8318321985272449,-1.2550831704676995,-2.1594044044898904,-6.103969671991845,0.0,17.427135489577456,19.852196947545572,21.49828351141558,10.776340983488204,0.0,0.0,0.0,0.0,0.0,0.0,0.0,0.0,0.0,0.0,0.0,0.0,0.0,0.0,0.0,0.0,0.0,0.0,0.0,0.0,0.0,0.0,0.0,0.0
10.889398796905404,-0.05823682626576421,1.8398077027562902,1.9567404692076202,4.735670580600959,5.6269644112294355,4.6906252694568,3.220699053446552,4.721592368228378,2.800597253919851,-5.13288393016496,-3.4643112041227035,-2.7131401357242155,5.493853783961376,6.382969568838327,6.709644529221747,5.678922364074265,7.827054305064261,4.125223604356449,5.177440186350128,5.531855408685566,4.103384640461218,1.8157303218744714,0.38108530646107097,-0.14784477078682112,-4.413326101268992,4.188173476713869,13.111764537298003,14.914392846068084,11.853704749413621,8.871632634815482,0.0,0.0,0.0,0.0,0.0,0.0,0.0,0.0,0.0,0.0,0.0,0.0,0.0,0.0,0.0,0.0,0.0,0.0,0.0,0.0,0.0,0.0,0.0,0.0
11.742837112981759,0.497969658412341,3.8864625709945586,3.763138156906992,7.948400851508089,9.324193321175006,6.851261071532849,3.9443536651329687,4.5679483475183424,2.241551262964464,-7.3932898720202465,-7.080035093751881,-2.4175174923902043,5.848190360326197,6.764069750437635,7.471085864465602,7.386786965154365,8.25768314563795,5.533275920965717,5.606615337932427,5.892755586686566,4.306088637282814,2.9585651785907583,2.6634424965993846,2.885751861065921,0.3709280391797991,5.876407015094571,11.317182343947179,13.19449782260476,12.321505058007151,9.699683979728373,0.0,0.0,0.0,0.0,0.0,0.0,0.0,0.0,0.0,0.0,0.0,0.0,0.0,0.0,0.0,0.0,0.0,0.0,0.0,0.0,0.0,0.0,0.0,0.0
10.058568324055686,0.7908225343398279,5.5645293311540165,5.337267399998634,9.368095656961287,11.394823950526686,8.18413102112085,4.813901628378236,4.270381501340406,1.8241546997398608,-7.415194705566706,-6.6467109839825484,-0.27100177838886985,6.634169533534303,7.326675430414039,8.599428112100227,8.186618427819507,8.845502565227445,5.72168329469482,5.044158573585066,5.468606754142299,4.679924693158037,4.004050365776559,4.384092394136631,4.892800378610595,6.3872597018154105,6.927542456356875,10.744037790772715,11.990869831093793,12.179847199653693,9.527217210849384,0.0,0.0,0.0,0.0,0.0,0.0,0.0,0.0,0.0,0.0,0.0,0.0,0.0,0.0,0.0,0.0,0.0,0.0,0.0,0.0,0.0,0.0,0.0,0.0
5.264241390838577,1.3490555069553345,6.582603370947009,6.596867873973857,9.14955943656876,10.970449334587371,7.5300729595969464,4.438595184881841,4.005274459721807,1.528370817007346,-5.824611626106698,-4.124861223740923,0.8867121815556924,6.876053922285926,7.455642672910047,8.882400780429588,8.045387787303543,9.474940163314367,5.671466191900698,5.296817902222803,6.572650213573367,5.656787721792783,5.5641493080378535,6.106508244567004,6.781496514579797,7.410167294919719,7.34873481218289,9.627121923702324,10.116134913026109,11.28789174996835,0.0,0.0,0.0,0.0,0.0,0.0,0.0,0.0,0.0,0.0,0.0,0.0,0.0,0.0,0.0,0.0,0.0,0.0,0.0,0.0,0.0,0.0,0.0,0.0,0.0
2.699552656883853,0.5084712012589812,5.617618813244881,6.558768203452473,8.448975920790284,10.816357053253622,7.7474317593620095,4.884320867255292,4.133300826859891,2.045793835478083,-3.65674164963361,-1.3818216239095484,1.31496857501552,6.01322718380169,6.56428201106022,8.095896802112987,7.4281084106113076,8.947747473446846,5.5278070144808344,5.6692448232226464,6.556881774576384,6.161755250512616,5.961982892653135,6.375845437062698,8.437651482250534,8.422531589486685,7.750074957898522,8.484688764398717,8.752477839782207,9.75304946556549,0.0,0.0,0.0,0.0,0.0,0.0,0.0,0.0,0.0,0.0,0.0,0.0,0.0,0.0,0.0,0.0,0.0,0.0,0.0,0.0,0.0,0.0,0.0,0.0,0.0
2.546542776680543,1.1243051910344835,4.751255812170527,5.937212727143776,7.4607250943571115,10.184679113795323,7.688827230036082,5.568959425326415,4.088920489051745,2.9956857895455458,-1.5550979747970004,0.2778737359415686,1.5905157655191777,4.845364782364791,5.363547809350119,6.884317363428085,6.590814117736856,7.8807009930660685,5.3809163615028615,5.761849993776064,6.562732459308138,8.384403899238537,9.927946043689658,10.995976208606132,11.351936620748324,10.80556225389811,9.410809686882466,8.277334162567467,7.58058645976063,5.540420528602875,0.0,0.0,0.0,0.0,0.24638827940320268,-0.8342979514069812,1.895451434762577,4.626916371255664,5.281695045903384,1.0429970231206596,1.0429970231206596,1.0429970231206596,1.0429970231206596,0.0,0.0,0.0,0.0,0.0,0.0,0.0,0.0,0.0,0.0,0.0,0.0
2.5226619037021294,1.5363538612301333,4.563119280179641,5.695400589736556,6.861514501514284,9.359425922517337,7.351959587071069,6.17698813508223,4.2085174100647285,3.9085546565950224,-0.08854790080194519,1.6248783966867362,2.097837335135894,3.5915212446886025,4.094494786127908,5.288631665902532,5.624595441954887,6.558893023306891,5.75695577992832,6.11761835509644,7.134588624951027,9.552132703980256,10.213262546225451,10.666530060806078,11.059438567912405,10.277441885700389,9.534401803112512,7.537815267996618,5.358175376516316,2.6281993372216808,-5.062131119540316,-3.595270104030056,-3.2190796217283313,2.4631700564041834,1.988615560101368,1.2394814996342314,4.00704635790308,5.612332093742451,6.1187718823690425,-1.4834464039706108,-1.4834464039706108,-1.4834464039706108,2.159927654366984,0.0,0.0,0.0,0.0,0.0,0.0,0.0,0.0,0.0,0.0,0.0,0.0
1.92730780151586,1.7078429212312163,4.860701730861044,5.826427687220774,7.007858055997368,8.986288254669603,7.362669980651216,6.477533265696614,3.9831363194979157,4.16669769890214,1.1203586344750214,2.4567356695122666,2.470846171063258,3.107139782640823,3.7115910220044603,4.479434212517917,4.935658406117461,5.174967491893797,6.079799212791837,6.031101156478329,6.6658598271980765,8.847771732377131,8.586165657341795,8.77733676102755,9.355826722706443,8.669826188010893,8.3946343237819,6.323998972906545,4.290121081926685,2.1226279394005205,-3.1033207052615817,-1.9585594162184063,1.4972834562407011,3.8616266495613174,3.2939563858096896,2.6305196081041164,4.725978281257844,5.668729947387661,6.567671723539279,-2.6512274584324937,-2.6512274584324937,-1.6253920643910469,3.1052923579637595,0.0,0.0,0.0,0.0,0.0,0.0,0.0,0.0,0.0,0.0,0.0,0.0
2.3306100375249406,2.0513133355465847,4.9712181595794895,5.7971346124116225,7.154973663896951,8.588754874387966,7.28372496428815,6.559073985627299,3.9086959289286582,3.9141439011139134,1.2941685575333182,2.2601496126424174,2.252623634075584,3.1274087043840684,3.8632679565108594,4.306423767022662,4.792529409019123,4.8952758112943675,5.9505135258299235,5.599450751224586,6.0752810505233175,7.791227072638394,7.985463226318482,8.318499016931648,8.389420990052578,7.944815199702394,7.545564518262949,5.505086115670129,3.495715892421877,2.537726667533037,-0.4298554627485842,3.88401777244787,4.245615349596871,5.3734610848043545,4.310011044810052,3.2905544022710997,3.2041224694878743,3.5660097224196794,-5.429420940541222,-5.220069014584739,2.004367953954641,8.976446076007054,11.917788823190698,14.4802984650815,15.364041295562279,16.391848467666907,0.0,0.0,0.0,0.0,0.0,0.0,0.0,0.0,0.0
3.161552722454787,2.3566599286451915,4.770072709429366,5.6576109556768905,6.9333566760257055,8.122416739867232,7.319223038568261,6.538149914932971,4.41701520615673,4.237202521859281,2.2400241167718886,2.9213246068783634,2.878373277843382,3.339698347602304,3.7044542818404094,3.875860355565116,4.242887720936903,4.319586095425772,5.288682963886642,5.433639207314792,5.82937379245453,7.96688589989607,8.390188854272234,8.928070714893835,8.5871947382859,8.279992639947508,7.217500899180163,5.166662328606834,3.443173220527753,2.608408878121306,0.7253290434042023,4.467741174637439,4.29479806323252,4.585256389304892,3.5156715178559326,2.5920488942184052,1.8740622230433823,-0.37361964852761376,-6.138450368644833,-4.908351613569251,5.187816162429412,8.290758533556113,10.169005534877797,11.507101888914889,11.809666103356696,12.837473275461349,13.681181942120281,3.109335451199388,-8.425554740532988,-8.662716909878894,0.0,0.0,0.0,0.0,0.0
3.0550042532635695,2.226564703885696,4.431189323238484,5.331224089442552,6.341396442702755,7.344425273599835,7.0810058052676546,6.390795516091763,4.7760576346087875,4.291800460632848,3.2973079334989066,4.0281086822491226,3.57570662790441,2.985393125405813,3.310844817369748,3.2763634333362326,3.517247141919102,4.002023347391514,4.971069157680637,5.763809635235926,6.055984880833273,7.827467400237705,8.131200472818692,7.8015553432283005,7.635164098289764,5.932453332277123,5.344746823998349,2.8672708347171416,1.1783974342409804,-0.8388739653662753,1.558196992646919,4.025105382726141,4.009534773420585,4.493546585811615,3.689100477374536,3.483226967566244,2.7390813663635947,-4.920366342667897,-3.1839440638223384,0.5084222570201176,4.938137575047847,7.236718104577897,8.703824938220341,9.61631007133742,9.742965982059296,8.709049782366817,5.826557797303812,1.9838434939895313,-6.72406106546862,-7.91877463164953,0.0,0.0,0.0,0.0,0.0
3.144053001941553,2.442751003848179,4.254257933405298,5.159098585680152,6.002505521503848,6.865093480408663,6.744014956560291,6.067350030941913,5.034799782803628,4.466327193397875,3.77307408569452,4.27917162437001,3.786061485306583,2.702951783335102,3.063989845041336,3.0522560265819356,3.1230224465789536,4.026990164155676,5.167631466904756,5.900230153952017,6.143602994813247,7.584221633639479,7.251115352714003,7.082387964702977,6.25996093449097,4.4725570539536905,3.3918413865236996,0.78126047652057,-1.0278184606527156,-2.1215855862373227,1.0837999665321183,2.9360175941829647,3.1868957333605303,4.163695078896017,3.7646302260103344,4.092820447094237,3.271700362575816,-4.170246795933121,-4.361809487755953,-1.5191821953484346,3.970744798040931,9.10835632259754,10.44994919449242,11.66020063697007,10.629995317784253,7.745317439975438,6.6159847512650085,2.786681324822978,0.0,0.0,0.0,0.0,0.9178437747370357,0.0,0.0
3.152463721423511,2.2330988208786415,3.7964203152585747,5.003571163525279,6.129504417293362,7.077616867735261,6.977046875264989,6.386073183416303,4.953509514702724,4.21616426669089,3.7998948119997413,3.810379643856669,3.5734084696073216,2.4349413724972635,2.81922756333161,2.9826078306669723,3.257794547641454,4.0898891527606445,5.126567767824271,5.756446996210254,5.892687108003593,7.025348602044163,6.55782143036792,6.207573548605467,4.82090958993662,3.20512683881198,1.4384898509875175,-0.3088614132897103,-1.6691519278117437,-2.4303570581804284,0.4769160953399938,2.3529644511966263,2.9076631307652616,4.151624553376779,3.8622030246690233,4.402542847270397,2.124991562912901,-2.8428645657137754,-3.278209252530117,0.09257211316305888,6.778198811432588,9.915074729009952,11.26611129600802,9.852990336362417,8.080098084260175,7.128828083465511,5.727156969769572,0.0,0.0,0.0,0.0,0.0,4.82830650289779,0.0,0.0
3.5686897816501846,2.783572717867603,4.329122277563866,5.547632577195476,6.5468061402636595,7.017496133881021,6.896944807132239,6.124806216866031,4.6344423182745365,3.8494372952841944,3.4646631490211695,3.4680861633085165,3.547172508381933,2.4578356688744836,2.704078967782569,2.8348929697858463,3.0633948915268925,3.812963049095681,4.852163065519432,5.0253375146356465,5.287367782962015,6.156914517482058,5.861592410043195,4.939201352939884,3.661692168395192,1.8688289359445238,0.464758167056079,-0.41932436873389456,-1.641660801666602,-1.8060331954668314,0.763931639533802,2.356644828542105,2.9913910905639316,3.7477608853426356,3.3914437387299547,4.270236916892136,2.5822321132334323,-0.7982914378454031,0.8495705540128925,4.124738283903083,7.806644919367925,10.18329601263595,9.897212245701338,8.75381720770027,7.1589273463937255,6.03703873996071,3.539459407312604,-0.3204687357443065,-1.3939811106842668,0.0,12.328694937652708,10.080661397706622,7.39565267238359,0.0,0.0
3.6296190976642464,2.8135336201101944,4.720501988794146,5.884407853127251,6.753913067342112,6.595322189576314,6.648192412186692,5.88426347669753,4.573043367238511,3.819695290383185,3.433483291466895,3.5405203565125074,3.6139294434002984,2.6988070433946247,2.6787694214597373,2.63731113552976,2.803830267833109,3.428492510340817,4.634473194371936,4.80870342116643,4.722569421844812,5.291802387878752,4.9502293574116125,4.522275670141307,3.2767262811290063,1.775578466481299,0.8530744752195254,0.3449171911091291,-0.1811873012396088,-0.41139326747033955,1.1611794997288383,2.3192257012755246,3.093304833779519,3.6974787185537075,3.792174737289192,4.22035140498403,2.8322214076493974,1.8606887676318302,3.03818844321654,4.85759785764224,7.6489573426790365,8.968556489987789,9.303356961411252,8.149756907666575,5.886404670253676,3.7291034661417215,1.8888352071682246,-0.3413010235575758,-1.3201363403825273,0.3435645047665356,11.560871922626482,9.693068971625143,8.009352813102975,7.927902800236401,8.229677700977835
