hampton.json
{"header": {"parameterUnit": "m.s-1", "parameterNumber": 2, "dx": 0.002809577985942724, "dy": 0.0022527344916269954, "parameterNumberName": "eastward_wind", "la1": 37.15957399075897, "la2": 36.891503624159576, "lo1": -76.50857562782295, "lo2": -76.17423395016301, "nx": 120, "ny": 120, "parameterCategory": 2, "refTime": "2023-08-07 05:02:05"}, "data":
[rows 0 to 24 of 120, columns 0 to 54 of 120]
0.0,0.0,0.0,0.0,0.0,0.0,0.0,0.0,0.0,0.0,0.0,0.0,0.0,0.0,0.0,0.0,0.0,0.0,0.0,0.0,0.0,0.0,0.0,0.0,0.0,0.0,0.0,0.0,20.784828808754728,18.35997468184947,16.219153209363498,9.140242090136756,0.0,0.0,0.0,0.0,0.0,0.0,0.0,0.0,0.0,0.0,0.0,0.0,0.0,0.0,0.0,0.0,0.0,0.0,0.0,0.0,0.0,0.0,0.0
0.0,0.0,0.0,0.0,0.0,0.0,0.0,0.0,0.0,0.0,0.0,0.0,0.0,0.0,0.0,0.0,0.0,0.0,0.0,0.0,0.0,0.0,0.0,0.0,0.0,0.0,0.0,0.0,17.60428634849131,16.588997003599125,13.923930787442105,7.185324532412287,0.0,0.0,0.0,0.0,0.0,0.0,0.0,0.0,0.0,0.0,0.0,0.0,0.0,0.0,0.0,0.0,0.0,0.0,0.0,0.0,0.0,0.0,0.0
0.0,0.0,0.0,0.0,0.0,0.0,0.0,0.0,0.0,0.0,0.0,0.0,0.0,0.0,0.0,0.0,0.0,0.0,0.0,0.0,0.0,0.0,0.0,0.0,0.0,0.0,0.0,0.0,0.0,13.685117448478703,13.911101757706824,7.638540432173919,0.0,0.0,0.0,0.0,0.0,0.0,0.0,0.0,0.0,0.0,0.0,0.0,0.0,0.0,0.0,0.0,0.0,0.0,0.0,0.0,0.0,0.0,0.0
0.0,0.0,0.0,0.0,0.0,0.0,0.0,0.0,0.0,0.0,0.0,0.0,0.0,0.0,0.0,0.0,0.0,0.0,0.0,0.0,0.0,0.0,0.0,0.0,0.0,0.0,0.0,0.0,0.0,11.804515538375203,13.675943637797948,8.593470328858071,0.0,0.0,0.0,0.0,0.0,0.0,0.0,0.0,0.0,0.0,0.0,0.0,0.0,0.0,0.0,0.0,0.0,0.0,0.0,0.0,0.0,0.0,0.0
0.0,0.0,0.0,0.0,0.0,0.0,0.0,0.0,0.0,0.0,0.0,0.0,0.0,0.0,0.0,0.0,0.0,0.0,0.0,0.0,0.0,0.0,0.0,0.0,0.0,0.0,0.0,0.0,11.43646351825194,11.245080647355842,13.739976121140586,10.28043179608483,10.09561314612649,0.0,0.0,0.0,0.0,0.0,0.0,0.0,0.0,0.0,0.0,0.0,0.0,0.0,0.0,0.0,0.0,0.0,0.0,0.0,0.0,0.0,0.0
0.0,0.0,0.0,0.0,0.0,0.0,0.0,0.0,0.0,0.0,0.0,0.0,0.0,0.0,0.0,0.0,0.0,0.0,0.0,0.0,0.0,0.0,0.0,0.0,0.0,0.0,0.0,0.0,9.05455918765286,9.569809939691742,12.603022213740509,11.408174850294282,13.320488639476526,18.842502239732116,0.0,0.0,0.0,0.0,0.0,0.0,0.0,0.0,0.0,0.0,0.0,0.0,0.0,0.0,0.0,0.0,0.0,0.0,0.0,0.0,0.0
0.0,0.0,0.0,0.0,0.0,0.0,0.0,0.0,0.0,0.0,0.0,0.0,0.0,0.0,0.0,0.0,0.0,0.0,0.0,0.0,0.0,0.0,0.0,0.0,0.0,0.0,0.0,0.0,5.9810147777284834,7.528034329840912,13.062457832611118,12.979551171721319,15.26109008319707,20.11615685731215,0.0,0.0,0.0,0.0,0.0,0.0,0.0,0.0,0.0,0.0,0.0,0.0,0.0,0.0,0.0,0.0,0.0,0.0,0.0,0.0,0.0
0.0,0.0,0.0,0.0,0.0,0.0,0.0,0.0,0.0,0.0,0.0,0.0,0.0,0.0,0.0,0.0,0.0,0.0,0.0,0.0,0.0,0.0,3.2750905292742662,0.2996752487550677,0.0,0.0,0.0,0.4050910894984696,1.9801522886843366,4.673537666282616,14.075264234126504,14.457989576568686,16.430353216761752,19.772591618727745,0.0,0.0,0.0,0.0,0.0,0.0,0.0,0.0,0.0,0.0,0.0,0.0,0.0,0.0,0.0,0.0,0.0,0.0,0.0,0.0,0.0
0.0,0.0,0.0,0.0,0.0,0.0,0.0,0.0,0.0,0.0,0.0,0.0,0.0,0.0,0.0,0.0,0.0,0.0,0.0,0.0,0.0,14.100143471603069,11.090726474785388,4.758150316735916,0.0,2.3178708862515855,-0.1568471866697739,-1.0635208687183355,-1.2601568971055979,2.45570105207971,11.187173007938373,15.78142041834888,17.169480011959067,19.398361807861484,0.0,0.0,0.0,0.0,0.0,0.0,0.0,0.0,0.0,0.0,0.0,0.0,0.0,0.0,0.0,0.0,0.0,0.0,0.0,0.0,0.0
0.0,0.0,0.0,0.0,0.0,0.0,0.0,0.0,0.0,0.0,0.0,0.0,0.0,0.0,0.0,0.0,0.0,0.0,0.0,0.0,6.810247604724189,12.436485505388685,14.227382044828211,6.293864664056389,3.7066353972581947,1.1789608908346836,-1.4686581575493838,-2.2731309287439245,-2.3301540890894006,0.9677275631260119,9.506988342582696,15.707724803460545,17.7095911524377,18.73829976368666,0.0,0.0,0.0,0.0,0.0,0.0,0.0,0.0,0.0,0.0,0.0,0.0,0.0,0.0,0.0,0.0,0.0,0.0,0.0,0.0,0.0
0.0,0.0,0.0,0.0,0.0,0.0,0.0,0.0,0.0,0.0,0.0,0.0,0.0,0.0,0.0,5.194979199505908,6.951626484686056,7.848657361051608,0.0,0.0,5.389408034120555,11.015645934784402,12.926682344645965,6.097465405023001,3.406749933268372,1.37336498421158,-2.418382698085181,-2.9409808306091283,-2.364454786375184,-1.9622353636568222,7.8013929209428445,12.630359865994425,16.053324091616805,16.257913159364165,18.229183281244396,0.0,0.0,0.0,0.0,0.0,0.0,0.0,0.0,0.0,0.0,0.0,0.0,0.0,0.0,0.0,0.0,0.0,0.0,0.0,10.889398796905404
0.0,0.0,0.0,0.0,0.0,0.0,0.0,0.0,0.0,0.0,0.0,0.0,0.0,0.0,-1.74208145729435,0.07483094551370528,2.3237398491617016,3.2624434255910657,0.3953056639144762,-3.6617280355701087,5.506278745940884,11.132516646605305,13.070289233831986,6.904183897479838,3.2320312249021104,2.4202402360651494,-0.1618920163555013,-4.083085217729179,-2.671999053427795,-1.7878833882844687,4.456480359399512,9.590982694259324,12.624844733396998,13.046223268298796,13.43015655773341,15.405489823475063,17.108435992271673,15.920106484393271,0.0,0.0,0.0,0.0,0.0,0.0,0.0,0.0,0.0,0.0,0.0,0.0,0.0,3.948889786073307,3.948889786073307,11.597852693628854,11.742837112981759
0.0,0.0,0.0,0.0,0.0,0.0,0.0,0.0,0.0,0.0,0.0,0.0,0.0,0.0,-1.8717792337033674,-1.1634062103654133,-0.05856031704512837,0.7085227638068836,-1.6690769086903845,-4.100677974213296,0.605882215684195,10.590918786973624,12.612909406640151,7.178333664335366,2.988597221582532,1.9989555770901706,0.6783837906281794,-2.5537710489508423,-2.6659956404714573,-1.245982520405403,1.9158200286405924,8.131784598283673,11.242442905347223,11.163887492866445,10.942057527812365,11.321622174184094,13.720421494243631,11.874076259921967,0.0,0.0,0.0,0.0,0.0,0.0,0.0,-11.434672923229684,-11.434672923229684,0.0,0.0,0.0,3.7294076483361738,4.476396487080598,4.476396487080598,9.410056535235707,10.058568324055686
0.0,0.0,0.0,0.0,0.0,0.0,0.0,0.0,0.0,0.0,0.0,0.0,0.0,0.0,-3.8799517802700185,-3.2795689157955232,-3.080885931970489,-1.8146685794973154,-1.3063996890599205,-2.6417210630276737,1.299498861200821,9.439952936404035,13.541118121786194,8.866200308163268,5.4713837664826,2.3962960446021198,1.5976814172454754,0.16017231222417072,-2.3214058888053,-0.961868044039196,2.872754530409197,7.575926006847911,10.539823952635542,10.265363709779628,9.679277157888565,9.423103737482599,9.703670930981573,9.15801877004052,18.715087632808686,0.0,21.473509910070913,16.357517030987605,0.0,0.0,0.0,-9.664424556245603,-9.664424556245603,-1.8296630344330675,12.783855889691369,12.40072266349425,3.672569706659549,4.088717200938049,4.088717200938049,6.6269127544953275,5.301468369666412
0.0,0.0,0.0,0.0,0.0,0.0,0.0,0.0,0.0,0.0,0.0,0.8878357992354621,2.1310486017022265,2.7009747655236342,-2.753326251499876,-4.277195974235972,-4.282056337643309,-3.8570377304717605,-3.3424460711648427,-2.827729942436595,0.7487415600480096,6.420796905046025,11.462473587213466,9.723800871717822,6.0937437404789865,4.26162028163858,1.8814380058473872,1.1611672293288475,0.00532172469539623,0.167069039141959,4.338219090173988,7.471248495378156,10.346640019820745,9.986550153615957,9.284318515879145,8.37535218374226,7.9896272568382,8.038305880671459,16.828276747447962,18.945471516537673,19.36051241633995,15.063091116519178,13.961588811079418,0.0,0.0,-5.627120906663431,-6.199508158003714,-0.3250388256969032,5.8371473796426985,9.844314898905159,4.714028827107103,5.385604835757826,5.385604835757826,4.712951814680305,3.055625300048459
0.0,0.0,0.0,0.0,0.0,0.0,0.0,0.0,0.0,0.0,-1.7932355687413024,0.30341289459073456,1.2914006323961256,1.5581676900670525,-1.6788543861469314,-3.2506504187592884,-4.004702675002271,-3.5944574871450974,-3.2289901759060626,-2.3425795012033124,0.24398767299947424,6.711475008377118,11.083235396466302,13.00043450628547,7.479789587167927,5.400710246912046,4.33536515303659,1.779727751355553,0.9785974945274125,1.4624507827464412,5.509538666971299,8.141693950988307,10.424813688028504,9.749025548350588,8.763651679630724,7.561283429241737,6.793577139706777,6.31904892538475,14.598151629457611,16.758045578701246,17.41295735860374,14.919295341864682,13.541467611018785,12.673126152872175,4.923011123710617,-2.3120373650268378,-2.7678369305932344,0.13622472525938967,4.76411690155914,8.498480326899434,5.711313279418104,6.791037545782057,6.791037545782057,4.862223116868505,3.39830953480147
0.0,0.0,0.0,0.0,0.0,0.0,0.0,0.0,0.0,-3.2304086154005884,-3.05241510353297,-0.9203529213064859,0.04429898980743216,0.2361754449300262,-0.3931957005731302,-2.7701452038931635,-3.310591423434192,-2.8609064441451024,-2.4903866487406185,-1.4912125120779578,0.47403458629377965,6.018994259569648,11.089812611063927,12.066473618018327,8.575169496409107,5.350412354492682,4.289311384047074,2.5274997905607686,1.3248139076188807,1.2212331424830594,3.4313864944897716,7.634373953453664,9.865042559503,9.482841015783762,8.382543837101206,7.379729332818589,6.595593527171825,6.371867478452288,13.548379841997026,16.29025976403471,15.929149754958537,14.731516083010385,13.031767806224165,12.69385836681841,6.781150840465551,0.3224098570755452,-0.4488028596718729,1.9626183279384302,5.5032889949106005,8.033289908537968,6.918347089188022,7.181986053168617,7.181986053168617,4.766886750073755,3.0540746006102637
0.0,0.0,0.0,0.0,0.0,0.0,0.0,0.0,0.0,-3.0795327568184687,-1.809244417295709,0.1538014317655168,1.0450944920983978,1.1548267816737918,0.9600818798722143,-1.7510134974493434,-2.4004132045467235,-1.5599270121867026,-1.597509684143332,-1.0873983990685563,0.6240043040694829,3.8001281954370807,10.072096044933517,10.904382190064362,8.564478403164228,5.533274783703006,4.3142100941353085,3.4536353211609714,3.1203928467753106,1.774982648734766,3.19353475353716,6.0687463278600955,8.76122646502778,8.279281049273713,7.306540165197089,6.281019954914712,5.530792389663844,5.398684934063883,12.368452885562737,15.694032641867798,16.126039415357603,15.122003512166398,13.701096700461017,13.249409012986613,7.811650838464453,3.2780683536988566,1.4105967068019354,3.6806090999934393,5.602066017189665,7.353844670962876,7.846908803913256,7.0538579220610576,7.029716664089795,4.286570629783851,2.3593591183277667
0.0,0.0,0.0,0.0,0.0,0.0,3.7402001349265936,4.054703852994378,4.439566444334815,3.7051215862573037,3.5914498685204226,3.364959678272435,3.9535569137602296,3.780711527372772,3.7876313471065646,1.7108262784493766,-0.8103719128271624,0.05575351461900599,0.31350232061776023,0.7384286817187048,0.9859602029274763,3.7686634421896805,6.808073621058875,9.167285598811622,7.0823592612743465,5.1847002363998,3.6627020784578996,2.4402969202355185,2.8538417382272585,2.120050391433686,4.467211364289266,6.707450759017741,8.728926167477788,8.175309025279033,7.282537336651575,6.232141427771585,5.436627881186696,5.328069120503343,10.213239607446353,13.0851291166955,15.348895868585888,14.720073314555579,13.599150189775063,13.019605031933478,9.463336641420753,5.949991551728488,3.4458328255136386,4.935621643680187,5.20438003079432,6.670945781252682,7.825580891734937,7.068930625257247,7.099654136991321,4.660308429492357,2.545161377103571
0.0,0.0,0.0,6.236634946215945,0.0,4.129119848769493,6.47513657341567,7.0417220215206235,9.004857040662632,9.876393595141867,9.306764039533702,9.820093766952223,11.33097286930484,10.198114614320877,9.892583781234315,8.03362943819496,4.5381094283108165,1.0850660704327961,1.1520977671849584,1.8293381976786842,1.655667384461337,3.0590877143630535,5.433028942590981,7.2833053693493985,6.106904043502277,4.4869849962195,3.0331531261044775,2.383544690021789,2.6216596839936654,2.368565054039298,4.696920974944734,7.2476153446179605,8.682518529499013,8.657291166251653,7.870546063278107,7.19189881595977,6.3257706699522975,6.600587549502516,8.428466419800968,11.85097741603064,13.801805617159,13.951708011833777,13.38514302276399,12.904040802888293,10.784089139442406,6.876148023409267,5.550314499966301,5.146863349821319,5.6433293250206695,6.5122632752120815,7.752386470868519,7.591017534277234,8.014370096166601,5.624149864504088,2.970391625466773
0.0,0.0,7.11397166291286,7.511638767436244,4.165035867609263,3.865615407550528,6.482777701499326,8.20767939767882,10.062051690650959,12.11294331909353,12.322778026654792,12.689504220172452,13.228704151234314,12.446479610532935,11.898727959512133,9.79803323254449,6.1786750337687275,3.171452234935442,1.3169424848515512,2.160245785637284,2.197522871314729,3.4769543381280057,5.878440454666248,7.446752488282033,6.5316640453685215,5.288503145520651,2.816159279288581,2.227965078299315,2.504899270761917,1.3148577409633406,3.614985675468836,5.972827033485648,7.3657260030612095,7.321384307124951,7.591932653212565,7.727106855972595,7.0323312525875075,7.559518456887493,8.043658672318506,10.864723723803376,12.95387967673393,13.19911481563669,12.93035027437187,12.978821242650541,11.916630544152158,7.961681185845417,6.663976959250534,5.557246470070042,5.573691534340934,6.167721516919439,7.061704616017011,7.064461275601881,7.195328874116109,5.784997216815138,2.8897766829430482
9.378625316824916,9.837497717674333,8.21928364188933,7.998092066006735,5.661232894515934,3.0060195806874184,5.516049253911035,7.637444856847457,9.610797048918476,10.898531145756834,12.421988070520818,14.099778412106708,14.422886501860619,13.053073862439353,12.666677974714114,10.31881536239408,6.706822454086043,4.028373465287686,2.60800869257198,2.620584539515609,2.31850095154795,3.6242283994656312,5.746603872151779,7.359934246901258,8.136706814917185,6.755806751054405,4.070012287577856,2.7519280975561893,3.146366392905445,1.3546149336648765,2.7195600337036283,4.603046630286841,5.431502323610943,5.649071426438838,5.965696702637294,7.632147654586714,7.149618136822484,7.57460837322994,8.638434331076871,9.935283644354199,12.631889088379467,13.186444060704083,13.020598983869023,13.250120089199186,12.935614292579986,9.774565994834168,8.134066786123222,7.475526292304641,5.686251844256041,6.131821284679656,6.685585779449264,6.95280845200196,6.6624901384162,5.613991935166614,3.0496771690841604
12.169817536892829,12.628689937742273,10.919138047861322,10.293376974704179,7.9968633611784545,5.158321491459727,5.23566586305823,5.845655401897016,6.836398562069516,7.420944206262567,8.662916446837677,9.88061598536937,13.253876755094229,13.006583297770822,12.428917065536078,10.117704655887216,8.77016578810955,5.420079750820574,3.8101113680553835,3.9590376916149883,3.256470875384744,3.9940444467395535,5.68886465438019,6.565907663502051,7.85965438149578,9.38895472667709,5.877078935250005,4.421338206084897,3.1293719431676013,1.5430917871751755,1.7759529695196241,3.7671783612509917,4.03978538817595,3.7272946148098374,4.546252656555758,6.002915904730619,6.742748224703901,7.119999471039325,8.848463965129014,8.977143903304745,11.853043733448645,13.128887264546151,12.834039174714965,13.275325091635114,12.849761296052773,10.603046970201502,9.100671352699745,8.177183457858396,5.760408126638366,6.306516818253955,6.515844319957394,6.749719552572407,6.311048957745511,5.295797147994533,2.740013916902824
12.016586737590615,12.475459138440023,11.17983786837749,10.793977376667268,8.739042705631793,6.6018035994605455,5.379690091800046,6.489408107743879,6.77046148693246,6.7836253920298155,7.0474555754283505,7.875272482519772,9.97546417182464,11.310822016519255,12.16551554749204,9.734855446400552,8.402529698113687,7.1558087392721585,4.985920113023466,5.066252913765062,3.911731488599221,4.872184165420247,5.325839509420726,5.8873918979845135,6.550652363195143,8.347046569086991,7.117457093613719,5.275727866373738,3.690674147954859,1.9725254526425493,2.1019176866776856,3.403350580321816,3.430336374629889,2.3678306043561905,3.7377429418469816,5.157628597928381,6.118585607006261,6.580221580960811,8.085051828746654,8.362613493430738,10.64850545279503,12.433943748525383,12.14212414953799,13.012894549531405,12.86580279574162,10.921264692065465,10.253048977725948,8.863087592659678,6.506832188903652,6.330531803372595,6.113773252417633,5.7687482189013055,5.2364688516687155,4.46809409467791,2.2517092656600353
8.230820880529475,9.193654206460055,9.494983425182868,9.697654754787479,8.23030192516404,7.496289077664445,5.862860660464235,4.347592662699785,5.779877227676069,5.69364096375964,5.200076976827152,4.934836152407352,7.447263092864965,8.452049266670226,9.16455890793117,9.748074142939233,8.76698612087666,7.47465311840579,6.729319972443076,5.907739601689335,4.537765309879756,5.035941035465982,5.5908700470060175,5.797473233767161,6.222537987441552,7.472381776076483,7.803031306903729,6.344490172766472,4.878197217804665,3.149177977961776,2.8782849477916956,3.5499540405712495,3.385938974170588,2.1513323354992226,3.269699088862526,4.6746533615622266,5.503724920223106,6.3514790029206365,7.502029224181282,8.010693725927887,10.053415412671836,11.726309279139489,11.95698496729181,12.7022339347833,12.942134173549778,10.991488746919677,11.184807236116121,9.693252089113107,7.4051327190889475,6.85039900245899,6.440298408040253,5.365231911943083,4.90372806741427,4.402822949956366,2.2172274969219545
