hampton.json
{"header": {"parameterUnit": "m.s-1", "parameterNumber": 3, "dx": 0.002809577985942724, "dy": 0.0022527344916269954, "parameterNumberName": "northward_wind", "la1": 37.15957399075897, "la2": 36.891503624159576, "lo1": -76.50857562782295, "lo2": -76.17423395016301, "nx": 120, "ny": 120, "parameterCategory": 2, "refTime": "2023-08-07 05:02:05"}, "data":
[rows 0 to 23 of 120, columns 0 to 54 of 120]
0.0,0.0,0.0,0.0,0.0,0.0,0.0,0.0,0.0,0.0,0.0,0.0,0.0,0.0,0.0,0.0,0.0,0.0,0.0,0.0,0.0,0.0,0.0,0.0,0.0,0.0,0.0,0.0,20.013271792885593,18.602539371445665,17.592176528639293,14.251277320406498,0.0,0.0,0.0,0.0,0.0,0.0,0.0,0.0,0.0,0.0,0.0,0.0,0.0,0.0,0.0,0.0,0.0,0.0,0.0,0.0,0.0,0.0,0.0
0.0,0.0,0.0,0.0,0.0,0.0,0.0,0.0,0.0,0.0,0.0,0.0,0.0,0.0,0.0,0.0,0.0,0.0,0.0,0.0,0.0,0.0,0.0,0.0,0.0,0.0,0.0,0.0,18.512211586269395,17.921536221475442,16.663755545678413,13.483463559687161,0.0,0.0,0.0,0.0,0.0,0.0,0.0,0.0,0.0,0.0,0.0,0.0,0.0,0.0,0.0,0.0,0.0,0.0,0.0,0.0,0.0,0.0,0.0
0.0,0.0,0.0,0.0,0.0,0.0,0.0,0.0,0.0,0.0,0.0,0.0,0.0,0.0,0.0,0.0,0.0,0.0,0.0,0.0,0.0,0.0,0.0,0.0,0.0,0.0,0.0,0.0,0.0,16.55104735064385,16.998769985465024,14.038428371746281,0.0,0.0,0.0,0.0,0.0,0.0,0.0,0.0,0.0,0.0,0.0,0.0,0.0,0.0,0.0,0.0,0.0,0.0,0.0,0.0,0.0,0.0,0.0
0.0,0.0,0.0,0.0,0.0,0.0,0.0,0.0,0.0,0.0,0.0,0.0,0.0,0.0,0.0,0.0,0.0,0.0,0.0,0.0,0.0,0.0,0.0,0.0,0.0,0.0,0.0,0.0,0.0,15.625074644722599,16.992883760047103,14.58429918023845,0.0,0.0,0.0,0.0,0.0,0.0,0.0,0.0,0.0,0.0,0.0,0.0,0.0,0.0,0.0,0.0,0.0,0.0,0.0,0.0,0.0,0.0,0.0
0.0,0.0,0.0,0.0,0.0,0.0,0.0,0.0,0.0,0.0,0.0,0.0,0.0,0.0,0.0,0.0,0.0,0.0,0.0,0.0,0.0,0.0,0.0,0.0,0.0,0.0,0.0,0.0,15.399103461835063,15.288730471939024,16.948200118273146,15.321333341049437,15.233195034612416,0.0,0.0,0.0,0.0,0.0,0.0,0.0,0.0,0.0,0.0,0.0,0.0,0.0,0.0,0.0,0.0,0.0,0.0,0.0,0.0,0.0,0.0
0.0,0.0,0.0,0.0,0.0,0.0,0.0,0.0,0.0,0.0,0.0,0.0,0.0,0.0,0.0,0.0,0.0,0.0,0.0,0.0,0.0,0.0,0.0,0.0,0.0,0.0,0.0,0.0,14.05586488022688,14.346862044201531,16.281691314591512,15.790090769981976,16.722869388960806,19.367303112652188,0.0,0.0,0.0,0.0,0.0,0.0,0.0,0.0,0.0,0.0,0.0,0.0,0.0,0.0,0.0,0.0,0.0,0.0,0.0,0.0,0.0
0.0,0.0,0.0,0.0,0.0,0.0,0.0,0.0,0.0,0.0,0.0,0.0,0.0,0.0,0.0,0.0,0.0,0.0,0.0,0.0,0.0,0.0,0.0,0.0,0.0,0.0,0.0,0.0,12.335603107634046,13.197686474971468,16.420546958911206,16.48778683972552,17.60460749782844,19.93970777548021,0.0,0.0,0.0,0.0,0.0,0.0,0.0,0.0,0.0,0.0,0.0,0.0,0.0,0.0,0.0,0.0,0.0,0.0,0.0,0.0,0.0
0.0,0.0,0.0,0.0,0.0,0.0,0.0,0.0,0.0,0.0,0.0,0.0,0.0,0.0,0.0,0.0,0.0,0.0,0.0,0.0,0.0,0.0,10.424837230904531,8.863989515906344,0.0,0.0,0.0,8.962947231236946,9.929636540813554,11.576220008829129,16.941728050246418,17.22875978473253,18.177233430084296,19.78186609040175,0.0,0.0,0.0,0.0,0.0,0.0,0.0,0.0,0.0,0.0,0.0,0.0,0.0,0.0,0.0,0.0,0.0,0.0,0.0,0.0,0.0
0.0,0.0,0.0,0.0,0.0,0.0,0.0,0.0,0.0,0.0,0.0,0.0,0.0,0.0,0.0,0.0,0.0,0.0,0.0,0.0,0.0,19.046222045622926,16.78181903470018,12.086895149184055,0.0,10.435894671797564,8.75800580818538,8.142547417942236,8.011822489330216,10.351015005343898,15.482103170350443,17.963168747723394,18.60163938563236,19.650990648083198,0.0,0.0,0.0,0.0,0.0,0.0,0.0,0.0,0.0,0.0,0.0,0.0,0.0,0.0,0.0,0.0,0.0,0.0,0.0,0.0,0.0
0.0,0.0,0.0,0.0,0.0,0.0,0.0,0.0,0.0,0.0,0.0,0.0,0.0,0.0,0.0,0.0,0.0,0.0,0.0,0.0,13.162110750775751,17.8780672478343,19.409507567758094,13.348705462188144,11.486502531385655,9.737600155216374,7.9405046598396725,7.391478442126493,7.335602883548471,9.44614703866349,14.592616590252549,17.941631083309925,18.914842906549016,19.33897226476899,0.0,0.0,0.0,0.0,0.0,0.0,0.0,0.0,0.0,0.0,0.0,0.0,0.0,0.0,0.0,0.0,0.0,0.0,0.0,0.0,0.0
0.0,0.0,0.0,0.0,0.0,0.0,0.0,0.0,0.0,0.0,0.0,0.0,0.0,0.0,0.0,11.58184388603418,13.332065686204157,14.225815392525881,0.0,0.0,12.164453422770261,16.880409919828324,18.503627155681965,13.220725327746402,11.241295052924066,9.79468068698647,7.25647840051292,6.89664847261094,7.269383000851331,7.567041879312244,13.58586117686582,16.24659853882007,18.041194347399113,18.062296264816986,19.031807802049194,0.0,0.0,0.0,0.0,0.0,0.0,0.0,0.0,0.0,0.0,0.0,0.0,0.0,0.0,0.0,0.0,12.144324642399253,12.144324642399253,0.0,13.208828932704025
0.0,0.0,0.0,0.0,0.0,0.0,0.0,0.0,0.0,0.0,0.0,0.0,0.0,0.0,5.335563996526981,7.271716362897536,9.452935007447415,10.388204982942641,7.962457905739611,4.561820611036822,12.246515412377706,16.96247190943624,18.603643069898297,13.76047796159215,10.931095493415642,10.311490007434662,8.548969319583339,6.065995155090041,6.998204224197539,7.619015559571661,11.496290065612236,14.461597554376898,16.138398601800585,16.34988429578876,16.52578114494586,17.5422927674314,18.409518315519485,17.89814969954301,0.0,0.0,0.0,0.0,0.0,0.0,0.0,0.0,0.0,0.0,0.0,0.0,0.0,12.56531454112835,12.56531454112835,13.504527802199549,13.317178608126675
0.0,0.0,0.0,0.0,0.0,0.0,0.0,0.0,0.0,0.0,0.0,0.0,0.0,0.0,5.444712115364432,6.293547375588498,7.464195041393599,8.246730654760686,6.223450575521632,4.18804465001325,8.264669214853187,16.546805173605833,18.262197608391546,13.944636563900522,10.610841620211167,9.843905355336547,8.922442358530095,6.8818141757871,6.885438012531844,7.856122130877709,9.834693671047605,13.55406832172306,15.360170650071463,15.340548787144511,15.234446057940362,15.454233443297113,16.674056173285024,15.83420495535759,0.0,0.0,0.0,0.0,0.0,0.0,0.0,8.84322292587087,8.84322292587087,0.0,0.0,0.0,12.483093927934485,12.654863580095288,12.654863580095288,13.357699731369795,13.191065448875738
0.0,0.0,0.0,0.0,0.0,0.0,0.0,0.0,0.0,0.0,0.0,0.0,0.0,0.0,3.6525742552014786,4.434585446577619,4.665549782437979,5.924213329026488,6.421303816523424,5.284508804429144,8.723867996081825,15.589151871484372,18.943417940063767,15.136846881774783,12.327221516253354,10.021484942953135,9.442437315282545,8.543221879272549,7.022506247543257,7.984209546617466,10.441960625856884,13.257801700948127,15.029753362009739,14.927482961743486,14.636826095678288,14.538905762474275,14.702894741497959,14.484018390605213,19.500890748424887,0.0,20.68479295639019,18.15456843569604,0.0,0.0,0.0,9.105647001446844,9.105647001446844,11.32703045448989,14.626679727328332,14.524896631756192,12.56891989911497,12.660188021011248,12.660188021011248,13.063270373474898,12.903967291155123
0.0,0.0,0.0,0.0,0.0,0.0,0.0,0.0,0.0,0.0,0.0,8.551552601944346,9.933844956391818,10.49931853401314,4.91124925028982,3.5857690386980474,3.627417106926782,4.018400239292095,4.547383534414929,5.030850005540783,8.243637706250633,13.171369956116731,17.361802828794264,15.794647610832335,12.736792420603239,11.276198060083392,9.580983889025314,9.147814021207818,8.463836481359733,8.666965753162481,11.353010054780487,13.22609097778092,14.993573547362523,14.848594795135817,14.48458216532187,14.03300833894969,13.860686606139746,13.926849152900058,18.57897237552743,19.521532141193497,19.63799484792029,17.51929583200402,17.008537140598506,0.0,0.0,10.094333380777186,9.936204125986734,11.657661514044506,13.067548312159012,14.044667594366588,12.841408619521337,12.939803812561921,12.939803812561921,12.834609237880844,12.71688721796088
0.0,0.0,0.0,0.0,0.0,0.0,0.0,0.0,0.0,0.0,5.626439372011832,7.995602906801724,9.110396781274053,9.370308632118949,6.066586657746582,4.548943932575619,3.8658600017498967,4.246654362587914,4.555697810929041,5.373534764677366,7.676581201225376,13.444398679153903,17.1795183700153,18.629456298930876,13.856400335173612,12.125416802461812,11.310231749879192,9.59064133401656,9.123070897630958,9.532449205566605,12.16364871051657,13.749333017370422,15.152483769229587,14.815500881547512,14.283750085659209,13.64537947633088,13.270509510916932,13.079210449128418,17.450077580425326,18.4798898077947,18.66367293688398,17.36208365981113,16.687751010918117,16.376906460875695,13.421083792114636,10.982895473572293,10.835912922127456,11.715567450830063,12.798700844305968,13.71805940333514,13.075747189725854,13.235418631120686,13.235418631120686,12.884964863529348,12.740018691764737
0.0,0.0,0.0,0.0,0.0,0.0,0.0,0.0,0.0,3.961952271460216,4.26414734588221,6.710567420229239,7.843054384067118,8.035684095283097,7.512779687929205,5.022959413111857,4.451678044332128,4.875368420837665,5.178863822446839,6.10342643851431,7.878393142624307,12.797906334973149,17.296180628939034,17.96408471517892,14.879330499999908,12.168085843702874,11.337436846887769,10.150386087498562,9.391643903465118,9.387134714298902,10.916218168786498,13.505943564145413,14.895626887285855,14.69650182203463,14.080645879792229,13.539348108078686,13.10440910693456,13.027225666184647,16.872987201691913,18.18829528930296,17.88336121380176,17.152360338908434,16.301062985729516,16.177913672523836,13.832348501407045,11.660564320755848,11.448464590324761,12.145205599409206,12.974973366321516,13.620254852307246,13.36769496354753,13.339028812528971,13.339028812528971,12.913522911634939,12.718246686729008
0.0,0.0,0.0,0.0,0.0,0.0,0.0,0.0,0.0,4.0516034920098605,5.539765336826459,7.818651736894422,8.868422812326058,8.967097108068737,8.879841069583861,5.96280830112127,5.215916956284415,5.996053552103242,5.913848131504799,6.410131090349289,7.945211591628427,10.79509068766105,16.416212288774787,17.010484846495785,14.906446284341602,12.308621816729387,11.337441023957275,10.798006380387442,10.620726173611992,9.772788073220973,10.822032349804733,12.658352338552104,14.342751750913584,14.051415488317959,13.499164077537268,12.933235996347635,12.506327558594993,12.456751771653863,16.266681563902036,17.8237133119876,17.888900563112504,17.242071506513923,16.51354476402658,16.2844814226407,14.099794508144848,12.515816272455918,11.977855794884665,12.598188176464918,13.03886965014477,13.498918961345435,13.61338062069015,13.347748853860615,13.344249232218734,12.862674926957116,12.633760746386205
0.0,0.0,0.0,0.0,0.0,0.0,10.956890356042942,11.613102519954206,12.3956586264172,11.627412747835077,11.472536292181784,11.258496087625975,11.970327161849015,11.756609616925525,11.814009087421597,9.518169728876023,6.692052030689694,7.452393870667247,7.580115475691916,7.986196228261394,8.204157884570918,10.7855862284603,13.556688450381344,15.55969619853116,13.662176523773327,12.050760914393528,10.831112151338392,10.03658859811508,10.465699275381466,10.006986473058635,11.688778555196214,13.198841143553736,14.47775987649423,14.071656448395215,13.524695392450163,12.914145914200345,12.4574137230552,12.357463595727074,15.087225919918385,16.461951917617235,17.382946014995508,16.91927210512375,16.34335838583387,16.02060336380178,14.545299524757642,13.24335178587948,12.506136739510929,12.912615170373055,12.92966980595286,13.332661708170303,13.589954791189124,13.342213053578268,13.346764843352652,12.896655819195008,12.63725785091758
0.0,0.0,0.0,14.40645222046499,0.0,11.14105073733628,14.528988695047074,15.347418501830278,17.736207982836323,18.90971532871535,18.158293215202118,18.550413163158083,20.128503770814376,18.786676425847716,18.41951407548071,16.214908149803044,12.191104079727703,8.392637843428508,8.291782060839749,8.927442457214132,8.74864936317321,10.109370667989491,12.330049397135515,13.962818690863568,12.841030819288713,11.462467652415992,10.295580173919074,9.92538782061524,10.230516866271307,10.089396327449068,11.79164360213034,13.55837163037215,14.474747460551285,14.37857497753617,13.825240306595125,13.405488898753866,12.865482733503894,12.961844405402747,14.001053376672358,15.747001836981738,16.538553205408224,16.44440915400819,16.118355094952815,15.847207048024424,14.908261993543583,13.407433964390592,13.023459003858102,12.900425812548361,12.97321249340616,13.236897195202113,13.525353269910015,13.421678125339868,13.463454810460398,12.978539228120454,12.650324799207
0.0,0.0,15.592695108817098,16.20987234720718,11.015962385308354,10.413319091323887,14.22473082667075,16.668887352644813,18.9686869329862,21.49595618551204,21.730923983607337,21.932960218538007,22.348162565027323,21.310963652100515,20.645349691090956,18.121529362402754,13.862616260210489,10.432620662438637,8.35342960682404,9.171666392892092,9.20502285185332,10.466842421646119,12.751108262763038,14.164652669456666,13.271469753964402,12.19662533526043,10.126766431986969,9.767678391777347,10.11145615551446,9.269062614086696,10.988713500157488,12.68587016030713,13.563605632103243,13.468053696768202,13.560992176673833,13.627923560384325,13.140059363129179,13.357521819444717,13.612068121468532,15.088267565000026,15.990680103918098,15.995411808993982,15.810932245592484,15.773720812941432,15.265759065094079,13.71130589158539,13.31619854967466,13.004092382410969,12.977298413212795,13.181890317115725,13.408903022040079,13.365298680099876,13.354245843115537,13.00662834778518,12.643484088769325
19.107425575916317,19.89174799595836,17.367393792462185,17.014664482428852,13.288126972194137,9.230768724176725,12.81449326935612,15.867794379427536,18.506153722021544,20.157102892044545,21.933372683067322,23.707354987240098,23.884487773097774,22.083431763570808,21.54167033571921,18.677352515427668,14.362212553431316,11.212114135614183,9.542515394957823,9.517085593708499,9.228909743966028,10.574524778721416,12.628622338913955,14.126358805709364,14.846872910239131,13.593845111013653,11.288749309923347,10.226342362130962,10.633238015416445,9.306587403849205,10.362439018975591,11.763801345065415,12.264523256491657,12.30019453636106,12.460774143317987,13.465888411232596,13.110274130465694,13.25162487343803,13.827242529400504,14.456882304195563,15.699864547647284,15.895344016343458,15.776426172704985,15.821185862494698,15.602853290991742,14.294476428313198,13.751112173052489,13.53662479454731,13.021817072535042,13.191081532038227,13.347739328293962,13.366097277658131,13.267042544245443,12.977780637420404,12.658036318026973
23.439341106777405,24.223663526819504,21.53410965148414,20.663998507080624,16.95821168512882,12.459973481478452,12.554125945353958,13.528359644134545,14.865636630988018,15.64927331225015,17.253435516064254,18.54281009323425,22.480856373831703,22.03126638810458,21.252073135401336,18.380761863763354,16.67777308618375,12.689550198348062,10.805258778193243,10.862562906252572,10.13075359524875,10.968256357325851,12.668461045052931,13.496112780381065,14.708046967591466,16.125280097040484,12.931459313667121,11.690009526630405,10.658548836160811,9.43527966090751,9.600776966762941,11.14246893275279,11.257814091885056,10.926068071361655,11.43854717177696,12.349467283833775,12.740175964801248,12.878857531485094,13.836871727377236,13.834820576723013,15.231330425060712,15.816000790546422,15.664013158788466,15.808645102814095,15.559185286217328,14.596346727673255,14.077489633879612,13.74517394431823,13.05818108144279,13.264367162452539,13.3424391837835,13.373042749149905,13.235466407667095,12.959269752038614,12.615481881972947
23.201527718458575,23.98585013850061,21.92870476905643,21.413668139614735,18.075145185346024,14.645172229633584,12.702124474776433,14.436272985213838,14.792045181088715,14.74371246311311,15.03102975034194,15.928761770194491,18.441028765213996,19.954021137756637,20.869340888476824,17.80618461893338,16.12131233462797,14.548115383051906,11.976367636582754,12.013652659366944,10.738547892615129,11.822933052586002,12.37627565302899,12.953798298676707,13.601921526064926,15.305396275176237,14.15523140810065,12.496394721386755,11.146925580618827,9.761120499333217,9.810882291523631,10.834471723621492,10.760183964874553,9.882549493038697,10.80071030725977,11.700258656591636,12.250901976461437,12.456326061834769,13.311985552337786,13.398899215511,14.562701425466345,15.433580770593602,15.319395158357844,15.678584909879849,15.569668776323747,14.707026847801405,14.516348916625939,14.01249272688054,13.31706080044456,13.321172847178305,13.300664780720906,13.21697766000784,13.073278032075176,12.881411555046249,12.605438607907503
