hampton.json
{"header": {"parameterUnit": "m.s-1", "parameterNumber": 3, "dx": 0.002809577985942724, "dy": 0.0022527344916269954, "parameterNumberName": "northward_wind", "la1": 37.15957399075897, "la2": 36.891503624159576, "lo1": -76.50857562782295, "lo2": -76.17423395016301, "nx": 120, "ny": 120, "parameterCategory": 2, "refTime": "2023-08-07 05:02:05"}, "data":
[rows 48 to 71 of 120, columns 0 to 54 of 120]
16.878261811289445,15.32636804675291,12.485346424643884,11.182514226865502,9.621686911080344,9.996964760442674,9.160145005194572,8.596933438687829,8.679030170880086,8.243482773185328,8.316810794026072,9.07435926925235,9.33233765257764,11.147589868307406,10.501352012644332,10.98652255051244,11.353624951742354,11.55610767255269,11.70081052310598,12.05633501088828,12.124489096667014,12.135738679466623,11.974499463222777,12.307222359565511,12.528700017832275,13.142910724370502,14.015181187187585,14.180631181194533,14.146683661850732,14.140445056935024,14.276118240484022,14.675246273491892,14.32015461921695,14.104773625130406,14.098984222815398,14.39114098919106,14.50358239748612,14.516769175323766,14.299830049576125,14.123368040932776,14.029744343566536,13.868040854876096,13.79046776133203,13.794163632495716,13.776257680065717,13.854594301022612,13.949446591831276,13.901522546338843,13.903272521981396,13.924367906655208,13.803649765502708,13.664593630595226,13.344723890903024,12.903168243136586,12.542182973238205
17.26065887491626,12.949440684839999,7.82454184856456,6.481904878561672,5.200835039546912,6.041144999218813,6.656753029368491,6.800566310337093,6.2246813707548405,6.013623395359847,6.484625404871383,7.564135979322019,8.051985524988597,8.823529914727708,8.575083073139846,9.119229770081741,9.505643936028568,10.16200584810381,11.105253916904573,11.985935411500886,12.479838526181284,13.031254822663175,13.611538650062998,13.611489080134305,13.260858035233131,13.536386977450773,14.310091216243034,14.619010101816675,14.280865374245751,14.284843850621682,14.523089566296763,14.675051328270664,14.410494674209033,14.57698812436293,14.462333535502538,14.36795264886694,14.525004407661493,14.317258185387985,14.11123654596575,13.914554472725914,13.8013349446651,13.743297990485964,13.714978937888274,13.741437805580155,13.737452684661674,13.690141595395637,13.735005918634295,13.688663029392197,13.653084267763509,13.600980758715945,13.451540647600607,13.267130317791326,12.949664590464804,12.456092953510177,12.092618593190757
11.48254550371067,9.679761783833928,8.76857625791819,8.796443878324522,8.110671562859748,8.15664267312368,8.761779026851542,9.230899745038759,8.919017124709844,8.345925090756436,8.967912739489616,8.987629893223804,8.438923911455108,9.269298734013695,9.790837169614727,11.064934299122458,11.545400702947092,12.567604285312786,13.38193228792117,13.891190629496556,13.925962116154162,13.711979130811738,13.538190031779957,13.115394157540173,13.227329307073571,13.937303610140576,14.573029450614012,14.610399533647584,14.320203638539379,14.443905142196655,14.445102871124414,14.98224339862738,14.95378591674344,15.00670594669035,14.68540042065578,14.618252319800543,14.354976099013818,14.309647418493142,14.155110910798134,13.792975902628172,13.669406002677707,13.617408227659244,13.63707355138183,13.636245180372493,13.691047947401561,13.564452407591777,13.492942606331088,13.4292491843529,13.27745130049363,13.25065375648756,13.082192050738056,12.947854021722828,12.522140371649693,12.138832196754352,11.718160500147722
12.059766133564453,9.891888733950248,8.803174189759524,8.792214138209,8.406699108485183,8.567505081985873,8.679257752745592,8.57068542725628,7.877885611696182,7.350171741070539,8.226320317713563,8.892645979248957,9.26765741807264,10.295560406868823,10.820373571556557,11.600664516303379,11.823401092331796,12.394265114424737,12.980691375867082,12.926509076130344,12.997790665821428,12.84431111038564,13.239935161436119,13.326640174704643,12.896446604350482,13.584528768603443,13.997679369046367,14.455961594591397,14.764398114506735,14.982164866187187,15.085379756773346,15.606704811686479,15.522805018745412,15.452438427755402,15.211308505294877,14.652589059510456,14.36375432903958,14.284718856151096,14.146554133062184,13.847713763653196,13.549629314201958,13.462906204755523,13.508059311144597,13.515488270280823,13.581416036747344,13.44340916767256,13.241366936019345,12.956423707746573,12.863215960065334,12.859108183133229,12.763284261886154,12.627350123077843,12.135136453429357,11.895348124823222,11.449554861437788
16.824238855417768,16.476770423354562,16.40862563023837,14.652369237014447,12.215763430685994,10.492306650087098,9.484940381575992,9.056892613258482,9.171738331543395,7.638972197265367,7.259973562850914,7.501763823296409,8.188006623896356,9.642812496375557,10.532021988030635,12.002381619764192,13.005100370752986,13.880612723258313,14.06337974366959,13.89960447563369,13.823850021218442,13.277209904478502,12.92886474128736,12.184094118905687,11.72400515695825,12.494183231427593,12.873565666180625,13.642152502760878,14.087445380001174,14.08348281755262,14.271189191435875,14.500408591826588,14.798194220318525,14.898149219856322,14.797530658602291,14.612509694103075,14.45816456338466,14.335365778013072,14.07585399023139,13.890174657118894,13.609576339250506,13.375466845885173,13.353658659699729,13.364184541650967,13.398846110241411,13.263410612734003,13.02707261901039,12.682068243285652,12.505740874169051,12.44443746630644,12.235926810718105,12.058689065021312,11.586127839845073,11.451270030096541,11.055821033912828
16.824238855417768,15.930595155793643,14.95088386180241,14.597394525359114,14.833978475029806,13.999094631082583,11.82807981933329,10.682714080915662,11.218463186752787,9.70821640696386,8.47099451620766,8.922100874398076,9.390174725927432,9.988303515837963,10.086733954871297,11.294272735014795,12.260270619690138,12.47466212509012,12.769713397867369,12.481758825338915,12.077843554949402,11.452677687781788,11.328935600866782,11.372762776160943,11.556219686203129,11.86903901348485,12.397548361894172,12.698885365702585,12.86298478881966,12.902701634125773,13.12421391271379,13.424616115156207,14.055918974797162,14.068999498956567,13.926986065982248,14.06775019002392,14.052713798153482,13.826867786887014,13.816779564344309,13.668403929059304,13.369443071824165,13.219731101793327,13.185728425760024,13.166031060120135,13.099080808623292,12.947838183671129,12.99308562325871,12.529662096943687,12.15460919691314,11.983902331463213,11.709468330283064,11.55785809836807,11.13037312906467,10.958191704186639,10.606841488894485
16.824238855417768,15.930595155793643,14.95088386180241,14.597394525359114,14.833978475029806,13.999094631082583,11.82807981933329,10.682714080915662,12.06166236716679,12.505244008674474,11.780322663394987,11.810203413907871,11.703096215349538,11.86103938622929,11.456116237508544,12.368435917223682,13.2230340875054,13.24078921334666,13.160975460857577,12.484926169114399,12.257891197089156,11.45878408490086,10.837383472805842,10.54261749736109,10.547078419582641,10.930900522641606,11.376809706596493,11.376736981158787,12.146231603427527,12.63165656732023,12.864554823862038,13.184777603860411,13.55517689415874,13.492142342748298,13.65481353260758,13.520225253538008,13.433137947932556,13.424647744029512,13.551166881633138,13.420093528294181,13.306625978494042,13.177104338154642,13.096077725222719,13.133088091456756,12.926224400649954,12.953423502370898,12.688150142311613,12.229633738036732,11.756971540870648,11.574241745124155,11.238211983201829,11.08311919138966,10.714203179953953,10.561464707407481,10.307755704449646
10.540005870727407,10.652334085722009,10.49369715564249,10.33584041028069,10.551402220130973,9.575994464364719,8.124173219150466,7.864114757427898,8.19276656861467,8.411483915608743,8.038064510958003,7.523492677468043,7.285515365342646,7.119453263339387,8.16162817118974,9.338956288571234,10.314113914273753,10.883182150665792,10.331447806680075,10.127614824789065,10.774600891287337,10.81001591416724,10.73434578328961,10.935008696185715,11.205459733601183,11.413920109672402,11.250664002085289,11.454356680469793,12.185745507122167,12.160201377689464,12.503605245198674,12.928445527064621,13.458850840674822,13.24987738496146,13.489814873308525,13.153533724991274,13.068996063364182,13.06297796777874,12.882839395380753,12.705813464805974,12.607214504528796,12.488852737039636,12.505536071101082,12.656979827828264,12.443867342193826,12.67609112211561,12.435750599639956,11.92944930470519,11.408188936389514,11.244116695970737,10.812143717095449,10.603500413902543,10.29889309425818,10.134718787587852,9.976286611984204
10.537971595871632,10.677681554462435,10.366169178747564,10.051610191574762,10.349956228734056,9.028617972179285,7.893300095828877,7.838190531670338,7.5475653866533365,6.74493474539193,5.986935160226786,5.33711384268298,4.935772341072317,4.901604258467181,6.2736671813989595,7.4006779084959415,8.47220363542905,9.57139367471891,10.157784267309829,10.763526575977743,11.932706519085908,11.607869669932512,11.019011220064773,11.194382928510255,11.071765182511896,11.179834001661495,11.045267164314561,11.155018990766017,11.507876754114715,11.317543786548155,12.215564574778542,13.006786905652692,13.511337227622228,13.392792763350496,13.582266138236536,13.330986008217108,13.418962058501176,13.350823128980622,13.027134710920734,12.854249022361353,12.666195167662144,12.395217506572077,12.289583608690558,12.418313194729272,12.126487336986965,12.154632288252389,11.96983361520397,11.58860377017771,11.004208541307591,10.725142201324225,10.301939108205927,10.092277060058537,9.787094351814439,9.605689990458712,9.616644483566683
11.732234993053428,11.95888069184162,10.592709697425558,9.609295932431754,9.470080732635969,7.920088643582559,6.7308714674573,7.458803269788568,7.362804153980262,6.960357942681843,6.11397705374973,5.645796802328304,5.042387012693313,4.601544767750758,5.328026380914573,7.191414405047029,10.224296688148701,12.690056099812868,11.99788972610715,11.622351343273987,11.811146358383407,11.679180700149818,11.164075665718094,11.154636582628205,11.245580206404476,11.689498680209168,11.676187406117588,11.838129550939538,12.236022967676229,12.077431011240925,12.511051634773098,13.084506236357553,13.334181483172177,13.38931944128295,13.94846461679555,13.803057233241939,13.697347756433972,13.46157223854755,12.96427271725494,12.91149982927877,12.743112531841511,12.42866983189448,12.318504405550392,12.386720013969532,12.020294362155619,11.55666469650942,11.456811676591796,11.371777583890644,10.881797932346892,10.471012388451971,10.05608126707571,9.778620499850383,9.429306096817827,9.037786772648014,9.03693265933857
11.732234993053428,11.95888069184162,10.592709697425558,9.609295932431754,9.470080732635969,7.920088643582559,6.182644703253863,6.0711395384882625,4.965421917032651,3.8841003835008996,2.645674791647711,1.8962681863662003,1.0008388391912897,0.4039642179960999,1.1538810533182697,3.0688513840091693,7.260136171664998,10.419531493108863,11.142753747254009,11.786241536275156,12.784140809760386,12.903404264995368,12.017622908040286,11.74233407064215,11.895175682558998,11.908400744380026,11.763916005223646,11.963836203292738,12.45588608757861,12.401464688828446,12.581998216027133,12.789230627604168,12.87929216889767,13.279777839596608,14.064734458274476,14.038831035552779,13.97300529560671,13.609391816951499,12.987805915287186,12.841264798985893,12.731790563895535,12.405759920263893,12.284581603597461,12.322364177828298,11.88088848513843,11.243225341362935,11.199758934496005,11.25283273473578,10.941242679071587,10.470087307473964,10.000418102160758,9.611043753667618,9.170712069470062,8.723668487128307,8.669412841873852
-9.625253737260794,-6.590575994331964,-3.2569008913241433,-1.8013019930417373,-1.293830122714809,1.2306854631289612,4.671220115507584,7.591454739916035,6.792555564774788,5.83138774274594,4.719901605694092,2.7338675285075915,0.9350640956734286,0.2900177432406122,1.9091926759149502,4.862662967516499,9.385830054637406,13.754768242743337,14.753174598345916,14.864897601498699,14.418162612131955,13.104635432691834,11.99032771043804,11.620839084465075,11.837363664421392,11.616606443314234,11.050935368718413,10.887190080415836,11.693817995998982,12.355223705501691,13.19287859280045,13.67744226343141,13.145790106484368,13.596112406713413,14.457244599778464,14.602414619057194,14.530327046148198,14.40662602833844,13.589872683379872,12.990604988857676,12.84691388790754,12.418684419165155,12.11803043034034,12.114188287761486,11.728446958857957,11.088066162377633,10.794547516202124,10.972531306998162,10.94145197955582,10.451437572343108,9.91234936553737,9.418171301290064,9.004043862523181,8.25683822078648,8.151311116860926
-9.625253737260794,-6.590575994331964,-3.2569008913241433,-1.8013019930417373,-1.293830122714809,-2.2286065768684167,-1.1759842151462323,0.0,0.0,0.0,0.0,-3.6662678705865064,-6.786645746044229,0.0,0.0,0.0,0.0,0.0,12.204246333913204,12.333998364245062,13.63274414557199,13.642208795957632,12.998600497579606,12.52573551822265,12.53774797025903,12.518228732077537,11.895138838396408,12.658967873070543,14.151781532221307,15.059572166101754,15.908850124017603,16.4071019610612,15.335494316826106,14.864733389067572,15.548583885223925,15.177523903601644,15.632250647332564,15.40351917561734,14.505390344565942,13.7153695224154,13.013345812477569,12.535105548965216,12.275658907679603,12.287209382446338,11.781204197496853,10.994253484642298,10.726008027281289,10.867602507658628,10.920458519611154,10.305143813028918,9.808361275565803,8.992454901332703,8.619759789725364,7.706468317675516,7.548225440009851
0.0,0.0,0.0,0.0,5.894173380679895,3.4677848662373747,0.0,0.0,0.0,0.0,0.0,-3.6662678705865064,-6.786645746044229,0.0,0.0,0.0,0.0,0.0,0.0,0.0,19.231825503492697,16.936323900763128,14.555200014353204,12.819477256335784,12.579196125444717,14.56909523569331,14.364637252567931,14.717002479002588,15.130620345051803,14.97760700389159,16.415769593751463,16.861220856613386,15.53344920630415,14.786884243707952,16.27879151016545,16.582306408034764,17.007961851733814,17.05254599378618,15.157131149108057,14.278223122240341,13.577093462872595,12.697159065537141,12.567397468847329,12.38172053326323,11.796712678447818,10.011137834311851,10.23300778493625,10.759976637780793,10.994318339800241,10.396856870455194,10.354969231253232,8.989477838181212,8.236501829865285,7.565690050543816,6.880450909184551
0.0,0.0,0.0,0.0,0.0,0.0,0.0,0.0,0.0,0.0,0.0,0.0,0.0,0.0,0.0,0.0,0.0,0.0,0.0,0.0,0.0,14.63828187251201,13.203344816060776,12.32435985825641,13.166473564242523,13.552446119972577,12.908565516517504,12.940552424753987,12.943324537060215,12.27921377679906,14.08673172792458,15.366268266131682,15.390933173473558,16.343517500202722,17.041802189990502,18.448194313986576,19.590526718712894,19.347526047020523,17.027356803568573,15.28459254434734,13.929445942545904,13.266651965211574,12.664487957426848,11.554474921825616,11.00884003956077,7.298672137178881,10.052907570495577,10.672859261937885,12.230234025030128,11.713002983907375,12.102184881781413,10.002724607146442,8.462659675256006,0.0,7.929053603066783
0.0,0.0,0.0,0.0,0.0,0.0,0.0,0.0,0.0,0.0,0.0,0.0,0.0,0.0,0.0,0.0,0.0,0.0,0.0,0.0,0.0,0.0,0.0,13.312399430982696,11.423613043635973,10.161662481275087,9.45596492925044,9.318421126444008,0.0,0.0,0.0,0.0,0.0,0.0,0.0,0.0,0.0,0.0,0.0,0.0,19.166720696515792,16.513653183702257,13.98932198628525,11.491141600492618,9.156390983299872,0.0,0.0,0.0,0.0,0.0,0.0,0.0,0.0,0.0,0.0
0.0,0.0,0.0,0.0,0.0,0.0,0.0,0.0,0.0,0.0,0.0,0.0,0.0,0.0,0.0,0.0,0.0,0.0,0.0,0.0,0.0,0.0,0.0,0.0,0.0,0.0,0.0,0.0,0.0,0.0,0.0,0.0,0.0,0.0,0.0,0.0,0.0,0.0,0.0,0.0,0.0,0.0,0.0,0.0,0.0,0.0,0.0,0.0,0.0,0.0,0.0,0.0,0.0,0.0,0.0
0.0,0.0,0.0,0.0,0.0,0.0,0.0,0.0,0.0,0.0,0.0,0.0,0.0,0.0,0.0,0.0,0.0,0.0,0.0,0.0,0.0,0.0,0.0,0.0,0.0,0.0,0.0,0.0,0.0,0.0,0.0,0.0,0.0,0.0,0.0,0.0,0.0,0.0,0.0,0.0,0.0,0.0,0.0,0.0,0.0,0.0,0.0,0.0,0.0,0.0,0.0,0.0,0.0,0.0,0.0
0.0,0.0,0.0,0.0,0.0,0.0,0.0,0.0,0.0,0.0,0.0,0.0,0.0,0.0,0.0,0.0,0.0,0.0,0.0,0.0,0.0,0.0,0.0,0.0,0.0,0.0,0.0,0.0,0.0,0.0,0.0,0.0,0.0,0.0,0.0,0.0,0.0,0.0,0.0,0.0,0.0,0.0,0.0,0.0,0.0,0.0,0.0,0.0,0.0,0.0,0.0,0.0,0.0,0.0,0.0
0.0,0.0,0.0,0.0,0.0,0.0,0.0,0.0,0.0,0.0,0.0,0.0,0.0,0.0,0.0,0.0,0.0,0.0,0.0,0.0,0.0,0.0,0.0,0.0,0.0,0.0,0.0,0.0,0.0,0.0,0.0,0.0,0.0,0.0,0.0,0.0,0.0,0.0,0.0,0.0,0.0,0.0,0.0,0.0,0.0,0.0,0.0,0.0,0.0,0.0,0.0,0.0,0.0,0.0,0.0
0.0,0.0,0.0,0.0,0.0,0.0,0.0,0.0,0.0,0.0,0.0,0.0,0.0,0.0,0.0,0.0,0.0,0.0,0.0,0.0,0.0,0.0,0.0,0.0,0.0,0.0,0.0,0.0,0.0,0.0,0.0,0.0,0.0,0.0,0.0,0.0,0.0,0.0,0.0,0.0,0.0,0.0,0.0,0.0,0.0,0.0,0.0,0.0,0.0,0.0,0.0,0.0,0.0,0.0,0.0
0.0,0.0,0.0,0.0,0.0,0.0,0.0,0.0,0.0,0.0,0.0,0.0,0.0,0.0,0.0,0.0,0.0,0.0,0.0,0.0,0.0,0.0,0.0,0.0,0.0,0.0,0.0,0.0,0.0,0.0,0.0,0.0,0.0,0.0,0.0,0.0,0.0,0.0,0.0,0.0,0.0,0.0,0.0,0.0,0.0,0.0,0.0,0.0,0.0,0.0,0.0,0.0,0.0,0.0,0.0
0.0,0.0,0.0,0.0,0.0,0.0,0.0,0.0,0.0,0.0,0.0,0.0,0.0,0.0,0.0,0.0,0.0,0.0,0.0,0.0,0.0,0.0,0.0,0.0,0.0,0.0,0.0,0.0,0.0,0.0,0.0,0.0,0.0,0.0,0.0,0.0,0.0,0.0,0.0,0.0,0.0,0.0,0.0,0.0,0.0,0.0,0.0,0.0,0.0,0.0,0.0,0.0,0.0,0.0,0.0
0.0,0.0,0.0,0.0,0.0,0.0,0.0,0.0,0.0,0.0,0.0,0.0,0.0,0.0,0.0,0.0,0.0,0.0,0.0,0.0,0.0,0.0,0.0,0.0,0.0,0.0,0.0,0.0,0.0,0.0,0.0,0.0,0.0,0.0,0.0,0.0,0.0,0.0,0.0,0.0,0.0,0.0,0.0,0.0,0.0,0.0,0.0,0.0,0.0,0.0,0.0,0.0,0.0,0.0,0.0
