leatest.json
{"header": {"parameterUnit": "m.s-1", "parameterNumber": 3, "dx": 0.002809577985942724, "dy": 0.0022527344916341008, "parameterNumberName": "northward_wind", "la1": 37.159573990758965, "la2": 36.891503624159554, "lo1": -76.50857562782295, "lo2": -76.17423395016301, "nx": 120, "ny": 120, "parameterCategory": 2, "refTime": "2023-08-21 04:42:00"}, "data":
[rows 48 to 71 of 120, columns 0 to 54 of 120]
12.179799591007823,9.883936225332853,9.427028231964295,10.037881137181499,9.767959364846368,9.11654426479797,9.757900630300893,8.946797581588983,9.065362664128077,9.7036073939531,10.137735645392949,10.723878452139122,10.939108672685933,10.56906154953547,10.086607210633733,9.658249058572355,9.433449498259247,8.730055917175225,7.36009634893421,6.472498177672719,6.189824407375169,6.220807651138372,6.402510344987277,7.018209097657715,7.517648538827296,7.748174863143415,7.766143193999341,7.8639897156462215,8.38562961000015,8.464487111708555,8.844296645711072,9.466445683417414,9.422655260838969,9.427657194034207,9.33471359242444,9.411900266088452,9.369390888637913,9.360417580803277,9.200857388084566,9.1004917235494,9.204995208314225,9.373711475263693,9.540112262107069,9.662645215417234,9.709254101712176,9.69396565143219,9.81827853450228,9.878448293251273,9.790394422885834,9.75050855329643,9.219319340995957,8.393711039487343,7.852643247281417,7.655100987058813,7.669530539883141
13.568032550115289,11.179662735361191,10.215937445172084,10.880180897899562,10.46145989282704,9.658204504905491,9.425083470557095,7.711490232089991,7.586271822167785,8.062537526821744,8.174483007275045,8.498939047417952,8.70662765183085,8.961036442732855,8.620241674417585,8.248263090405427,8.257513444821937,7.803956924443622,6.656634462609367,5.9538480704807295,5.676201401786388,5.802070431708429,6.212591762334198,6.767176843173675,7.152387497655103,7.271250429032569,7.26326290660434,7.549090676081939,8.090733374470847,8.548981116761116,9.003274285933566,9.365553513293113,9.438755730296185,9.587584736064057,9.429751726413715,9.339146301874221,9.435348921758967,9.495718400593725,9.481444563745091,9.500732503831632,9.609032651223215,9.776306572327599,9.967562908556172,10.00608832148972,9.996900015925364,9.883444313702093,9.912389815773306,9.886664840289125,9.846492374879142,9.617778078522282,8.940735697252324,7.861331754941664,7.282368888184916,7.0609763219128565,7.172597339016016
-1.6495963180588322,-0.21062285845689901,0.5099408609181687,0.7335310615174999,1.6135938227700906,2.8814346491735137,4.194966574124289,4.6306992217884275,5.2235640495859945,5.660751667712581,5.508999556481955,5.639085654166064,7.299233932278027,8.054289070065403,7.759778058518129,7.303598174637499,7.539169994214852,7.601678196686676,6.656120910463908,6.570139131649392,6.319825516221361,6.019678918657726,6.248675508416478,6.731907701153517,7.334029980751134,7.453178672742482,7.26506814529542,7.543511845031688,8.04161149729873,8.671964210981026,8.969400182594077,9.561232821408565,9.710175441200647,9.748503358986303,9.444033168075244,9.409619479218929,9.265923783519892,9.419146214343389,9.569029181437488,9.595210404312501,9.787369634516603,9.806806176501222,9.962063122081865,9.966567212385941,10.012779957973548,9.88866165899589,9.884991946864034,9.799945901711357,9.680619098431688,9.478680870818378,8.623650319157976,7.421469479690645,6.626597571493765,6.501257231331787,6.646505605150672
-2.6872585768980946,-0.6328603455428197,0.6772719734222185,1.3724455127299287,2.164853787692996,2.6106955037016633,3.2284465784713707,3.504359435873561,4.603070660364819,5.052430109311406,5.143320778960038,5.4178456084975695,6.086648795710301,6.416320459114501,6.996556534078492,6.8363124047274475,6.813502408322692,6.552681695148824,6.5385658579010215,6.771777063924353,6.709510431485807,6.8403821451296185,7.3435969843542335,7.746603808780131,8.226743580619665,8.14447501014483,8.02600776925118,8.511521335799767,9.050997937597497,9.422617169559393,9.460975565854122,9.929256266823092,9.903463072660449,9.805820880196821,9.582544656672532,9.274344065737774,9.122078124983412,9.298096207523049,9.508440248907315,9.579197612112438,9.681080643819016,9.69069497169883,9.719858428343047,9.678180709394919,9.765883773467465,9.692502823610896,9.621378745424074,9.640476906819819,9.490913929123339,9.295343448456093,8.373264213953993,7.070757054481182,6.178240125167374,6.078392112177238,6.215611528646102
-2.9130947896960557,-2.834441303670237,-2.886684834348989,-1.770306714584433,0.6234820209848654,1.7100051628814563,2.40157686847213,1.8654842140705057,2.268633622011711,2.5223635241584352,2.1929656997440916,2.431381135947569,4.150619705015867,4.729835816398309,5.682797491496215,5.929850731410005,6.861705589856618,7.031472583887636,7.468507072930425,7.997887203888823,7.945589944235525,7.81156700132979,7.8124295325966955,7.730319804330145,7.912832173419516,7.84659125672627,8.141800808604152,8.64440512196317,9.183673761945473,9.529343597937496,9.609608952535726,9.67811091042033,9.563562039914391,9.41984028307658,9.380584882893926,9.272255952075952,9.27623898590456,9.417573655823626,9.43725096107958,9.613350461219884,9.789529415020803,9.757060278806705,9.746671837791386,9.628935251908286,9.734012805129954,9.623331121336342,9.603247437025667,9.43294346102154,9.298817770754578,9.11021195716764,8.103753418248976,6.711491733590081,5.746848046788825,5.607377580736635,5.783887012280364
-2.7985391429549304,-2.7981601373951017,-2.618153241520198,-2.1467718131783977,-1.520046711673672,-1.798101010343113,-1.9635855358684098,-1.6515129053278015,-0.9207497681459017,-0.08405335348081087,0.2044295894035236,0.9492383613475566,1.6519005557226247,2.2100084605402457,3.9073168553388378,5.3348343878414815,6.269593429990277,7.058466061505061,7.923324945733972,8.612100206475242,8.807746845720446,8.865951818969792,8.8013171240462,8.601697684189553,8.57557616130643,8.097051873965544,8.13694515412396,8.507237152727145,8.606305654465016,8.975804403920973,9.231007493795742,9.527331909888277,9.765849634140007,9.525252087614918,9.31101160319084,9.418323523001291,9.49126185441671,9.582820967287688,9.800532389688701,9.845807900937157,9.887806120806813,9.956469882815089,9.869359712504382,9.661418163960054,9.692574391734174,9.598174416004438,9.492535988268791,9.301417240216356,9.220864104959912,9.01548486333329,7.949785698079025,6.462267735595054,5.461203830725612,5.326132335394542,5.50674265479509
0.0,0.0,0.7013358688642056,0.9767600514646646,2.010635357146918,0.4989603531844464,-0.39328581583217226,-0.34621246881298245,-0.3981505990372871,-0.1442117596001668,-0.24560591813393623,0.8005440918826023,1.7919841729135872,2.4021079888798385,4.529744249756594,6.119526333509819,6.9316323944981395,7.61793630910129,8.62434820468731,9.164125514268465,9.028881183266007,9.183177822169199,9.23574946008235,8.789777516358665,8.296267705680012,7.818671164978894,7.839742262514745,7.880673066173406,8.249177171124977,8.747434446620597,8.898218397834773,9.210046467577493,9.396556880307402,9.247658637249769,9.248482117419245,9.169281999830345,9.29571458692146,9.554222367698895,9.937594824148814,9.977321247475572,10.146021725051993,10.152372836591532,9.921573052596377,9.762819807267244,9.598281579871982,9.678879793074636,9.4445031454192,9.135541404616507,8.987877004062943,8.82386379143426,7.829762831898569,6.352957596292066,5.379459349058797,5.20256879115319,4.565997649159788
14.249123324704135,10.391888423924318,10.525386038524859,12.325714117227733,10.875023234294733,6.672649072888968,4.391150655773855,2.449589195008525,0.5562169071985129,0.8616835759270256,1.4085851329930708,2.2169537526098266,1.7676867691303824,2.0708231209398487,2.9382278121450724,3.9771852331168525,4.679221483513197,5.661615960596535,6.764935096473597,7.486750274937169,7.252508745427944,7.362089624603234,7.43912591842109,7.456814108933134,7.155563667946679,6.88858791398975,6.921993972397339,7.041670400113888,7.5754204579888995,7.840144294860666,8.14599810787057,8.426764874589534,8.819561016932179,8.777258617874264,8.925101976069298,8.705033565422553,8.856102315521387,9.175722361838057,9.430354217950125,9.543922136678912,9.741581670871877,9.724090627524268,9.650327236465857,9.714438308905962,9.551658606273962,9.347517565454586,9.181938919352403,8.87296104814163,8.682422463224668,8.574290072084292,7.7044570812404185,6.360949977577393,5.38696801171732,5.180126756775865,4.463952131518004
14.249123324704135,10.391888423924318,10.525386038524859,12.325714117227733,10.875023234294733,6.672649072888968,4.391150655773855,2.6196381314015036,1.0155213395249456,1.7604481679766764,2.497548531402136,3.167235532316183,2.3912653719375614,2.5013410902164965,3.4606870584381775,4.507701127703965,4.949072243381839,5.694802517420388,6.550411418889381,7.272043854926468,7.2377628452841165,7.094966097232597,6.997408429285891,7.196362460090901,6.863158878909163,6.757525751855464,6.8647354976072625,7.085532345650781,7.330590682255141,7.1786817553571645,7.615087859838735,7.99807181416383,8.261413109774413,8.321635194659985,8.471585495585956,8.34344347189122,8.67918087213021,9.030447820187126,9.289291689293224,9.50017487983129,9.764621940778694,9.760788450027633,9.637174450761954,9.749963398957288,9.50626343692909,9.416922124163438,9.090441152392165,8.791571921540118,8.504418069394005,8.400333012574698,7.655925631105056,6.451814481604354,5.454752828082211,4.454336815776634,4.542634876537131
14.249123324704135,10.391888423924318,10.525386038524859,8.629489294206063,6.6403479550097,4.759217346150141,1.7790092812113605,0.7475415894035112,0.012425455524007317,1.158054355925055,2.2891158910564475,2.9712166697494324,2.8955350284568087,3.5027329340454,4.076198653793726,5.56953257630884,5.80824105652222,6.382948203650037,6.980391534417706,7.568074035833782,7.604733619018045,7.814817267135916,7.817759303324764,8.197059792257752,8.243328188000786,8.461597129742408,8.673966592238871,8.612800221967298,8.55833880095142,8.322536032230248,8.719959194535438,8.664802734013794,8.273958244159921,8.143389241662364,8.476199146266076,8.430414576945052,8.792745394988382,9.19647117258202,9.432427394312816,9.786734753823081,10.012193755360917,10.0478485675907,9.968667687527915,10.000530253429321,9.674262663142201,9.375445694300298,9.01433711803499,8.697922262799286,8.328070041556735,8.226958498036781,7.552304133909191,6.3208516742864465,5.295172764552763,4.745256843361509,4.591611182756638
14.249123324704135,10.391888423924318,10.525386038524859,8.629489294206063,6.6403479550097,4.759217346150141,2.0859960153268378,0.6007063916682691,-0.3192248380850243,0.9517042982272875,2.283558873743162,2.6408042150884827,2.1465743429411996,2.631655517845722,2.84155551508908,4.269923101075235,4.408807091964169,4.937050603764357,5.651941722514612,6.257032573964292,6.452173818520647,6.897710677614734,6.974629800908211,7.323541334871457,7.355226943460809,7.8180549328299405,8.190471150496325,8.14691181824572,8.067992861164727,8.17722960156307,8.694649374095347,8.494537360619463,8.071714677866854,8.165597789510809,8.567516290064802,8.596688804187272,9.018606420580285,9.590080158606543,9.89039573070837,10.262066751154297,10.469986054514013,10.48210833819616,10.444452628024088,10.371916804694951,9.91614385753489,9.597682046552851,9.172131156559576,8.765387090098873,8.267352141662634,8.166261523861495,7.595678495767059,6.311386787598662,5.059572441300326,4.549920428914995,4.396762962306322
0.0,0.0,0.0,0.0,2.803605937312713,3.0011694834853198,0.5650966482159908,-0.1989343611689739,-1.3277364284815827,0.022222684296313022,1.1954688240968323,1.6795628725617902,1.890548520562849,2.5267104441280495,2.5274957858187337,3.7845265615446912,4.245423268731552,5.446801216206622,5.93568717455121,6.375814860473061,5.958846533512536,5.937934725248442,6.179361570883809,6.877528278503775,7.372202514241057,7.820117453350854,8.04724210273462,8.031697789633133,8.030319614635255,8.279894050220394,9.007317272288956,8.90303746116434,8.224374755988467,8.326969761152416,8.42091733010367,8.447358691617,8.714131874249327,9.62190941006076,10.156812988686594,10.534958660086035,10.964059177397385,10.852052327415576,10.887312186977077,10.801790214199938,10.221846025147343,9.483708025712883,9.13393531682069,8.864304943210804,8.211465859700212,8.03589869325175,7.531639753775559,6.154845276904613,4.701264223660586,4.209246599455173,4.136427662248008
0.0,0.0,0.0,0.0,0.0,-1.220607229314459,-4.633410006598303,-4.545914436586444,-3.974613227475201,-2.525661056546617,-0.5941049570941754,0.19972696426891398,1.2148377117357478,2.4388614321110667,2.5034621266455686,3.3533880448235376,2.926775431104199,3.5317719363265057,4.176981082094744,4.951975693513438,5.804958836041582,6.826157232677468,7.445500426738821,8.417372992677754,9.153974793376745,9.490766611961707,9.43527263954389,10.063147124729612,9.888291844612448,9.311110549123295,9.321610708208947,9.128360043468902,8.174189635036045,7.905654942240203,8.202692259027918,7.874260171393741,8.542110880382289,9.14714566066786,9.986913660798129,10.652506979886304,10.880285607489748,10.916813637111126,10.848575843098613,10.92619548494806,10.27256993626014,9.715112152464142,9.039327682121398,8.945206752809943,8.35748947617266,8.074491725067755,7.544794780965667,6.088796532717961,4.388605708056791,4.110444061594913,4.067970417596696
0.0,0.0,0.0,0.0,0.0,0.0,-5.101599935905571,-5.355981592108768,-4.566340584128741,-2.525661056546617,-0.5941049570941754,0.19972696426891398,1.2148377117357478,2.4388614321110667,2.825914383328248,4.547120497466011,4.417245976355839,4.1424514135885495,4.576176976280319,5.243080450788608,6.119468203630646,6.856783271151133,7.823254276566359,9.152605051269203,10.895865352701087,11.644746742463498,12.43561006168229,12.688601974031048,11.521203925914913,9.90776946524057,9.312557534792118,8.028617064073506,5.971588371619931,5.40144976243895,7.192133575767448,7.288598218918679,7.8980016747650765,8.88561154278854,8.934200456292997,10.26054266884626,10.892699930350425,10.57502404048635,11.003110659752108,11.217356242144142,10.532843681232455,10.369363970707255,9.723391383830867,9.275026959064887,8.486960177900581,8.159802740628827,7.613327011732816,6.092704510888159,4.3050561975065005,3.347562942064183,3.5387372111355413
0.0,0.0,0.0,0.0,0.0,0.0,0.0,0.0,0.0,0.0,0.0,0.0,0.0,0.0,0.0,0.0,0.0,10.599838639802405,8.754276011664826,9.1962817844681,9.486469631921029,10.455059194958864,11.492592841274075,12.29305244505242,13.54578360013211,13.913321922125075,13.569781420491179,13.357966578817306,11.521572668291427,9.606375486936054,9.359628008046984,8.007198743965413,5.782400376268299,5.157500163372349,5.7826787642273185,6.953987102249996,8.7522308035735,9.39586707893112,9.722563383032671,10.879701534577217,10.923931355439459,11.049218179872922,11.789056847939081,11.535589226702418,11.019397856317674,7.95832192370514,9.325448919419847,9.101144129914173,7.90949882551233,7.669075515127635,7.327586616144417,5.6323686797741725,3.665022648648297,7.088280307757024,6.874220380496194
0.0,0.0,0.0,0.0,0.0,0.0,0.0,0.0,0.0,0.0,0.0,0.0,0.0,0.0,0.0,0.0,0.0,10.599838639802405,11.260962596110199,0.0,0.0,20.876506572785203,23.3259167022002,23.221602658025812,24.493106150082838,24.392049334088505,22.86641460506193,0.0,0.0,0.0,0.0,0.0,0.0,0.0,0.0,5.441845226098446,11.325968326658058,13.327561369497593,14.535273712211078,15.192798467296663,15.294738135476672,14.412226028002996,12.985741455313072,11.126996276548907,8.99332074588653,0.0,0.0,0.0,0.0,12.992676566918087,12.069677246210167,9.089551999520996,7.23075844596548,5.788914365713768,0.0
0.0,0.0,0.0,0.0,0.0,0.0,0.0,0.0,0.0,0.0,0.0,0.0,0.0,0.0,0.0,0.0,0.0,0.0,0.0,0.0,0.0,0.0,0.0,0.0,0.0,0.0,0.0,0.0,0.0,0.0,0.0,0.0,0.0,0.0,0.0,0.0,0.0,0.0,0.0,0.0,0.0,0.0,0.0,0.0,0.0,0.0,0.0,0.0,0.0,0.0,0.0,0.0,0.0,0.0,0.0
0.0,0.0,0.0,0.0,0.0,0.0,0.0,0.0,0.0,0.0,0.0,0.0,0.0,0.0,0.0,0.0,0.0,0.0,0.0,0.0,0.0,0.0,0.0,0.0,0.0,0.0,0.0,0.0,0.0,0.0,0.0,0.0,0.0,0.0,0.0,0.0,0.0,0.0,0.0,0.0,0.0,0.0,0.0,0.0,0.0,0.0,0.0,0.0,0.0,0.0,0.0,0.0,0.0,0.0,0.0
0.0,0.0,0.0,0.0,0.0,0.0,0.0,0.0,0.0,0.0,0.0,0.0,0.0,0.0,0.0,0.0,0.0,0.0,0.0,0.0,0.0,0.0,0.0,0.0,0.0,0.0,0.0,0.0,0.0,0.0,0.0,0.0,0.0,0.0,0.0,0.0,0.0,0.0,0.0,0.0,0.0,0.0,0.0,0.0,0.0,0.0,0.0,0.0,0.0,0.0,0.0,0.0,0.0,0.0,0.0
0.0,0.0,0.0,0.0,0.0,0.0,0.0,0.0,0.0,0.0,0.0,0.0,0.0,0.0,0.0,0.0,0.0,0.0,0.0,0.0,0.0,0.0,0.0,0.0,0.0,0.0,0.0,0.0,0.0,0.0,0.0,0.0,0.0,0.0,0.0,0.0,0.0,0.0,0.0,0.0,0.0,0.0,0.0,0.0,0.0,0.0,0.0,0.0,0.0,0.0,0.0,0.0,0.0,0.0,0.0
0.0,0.0,0.0,0.0,0.0,0.0,0.0,0.0,0.0,0.0,0.0,0.0,0.0,0.0,0.0,0.0,0.0,0.0,0.0,0.0,0.0,0.0,0.0,0.0,0.0,0.0,0.0,0.0,0.0,0.0,0.0,0.0,0.0,0.0,0.0,0.0,0.0,0.0,0.0,0.0,0.0,0.0,0.0,0.0,0.0,0.0,0.0,0.0,0.0,0.0,0.0,0.0,0.0,0.0,0.0
0.0,0.0,0.0,0.0,0.0,0.0,0.0,0.0,0.0,0.0,0.0,0.0,0.0,0.0,0.0,0.0,0.0,0.0,0.0,0.0,0.0,0.0,0.0,0.0,0.0,0.0,0.0,0.0,0.0,0.0,0.0,0.0,0.0,0.0,0.0,0.0,0.0,0.0,0.0,0.0,0.0,0.0,0.0,0.0,0.0,0.0,0.0,0.0,0.0,0.0,0.0,0.0,0.0,0.0,0.0
0.0,0.0,0.0,0.0,0.0,0.0,0.0,0.0,0.0,0.0,0.0,0.0,0.0,0.0,0.0,0.0,0.0,0.0,0.0,0.0,0.0,0.0,0.0,0.0,0.0,0.0,0.0,0.0,0.0,0.0,0.0,0.0,0.0,0.0,0.0,0.0,0.0,0.0,0.0,0.0,0.0,0.0,0.0,0.0,0.0,0.0,0.0,0.0,0.0,0.0,0.0,0.0,0.0,0.0,0.0
0.0,0.0,0.0,0.0,0.0,0.0,0.0,0.0,0.0,0.0,0.0,0.0,0.0,0.0,0.0,0.0,0.0,0.0,0.0,0.0,0.0,0.0,0.0,0.0,0.0,0.0,0.0,0.0,0.0,0.0,0.0,0.0,0.0,0.0,0.0,0.0,0.0,0.0,0.0,0.0,0.0,0.0,0.0,0.0,0.0,0.0,0.0,0.0,0.0,0.0,0.0,0.0,0.0,0.0,0.0
