leatest.json
{"header": {"parameterUnit": "m.s-1", "parameterNumber": 3, "dx": 0.002809577985942724, "dy": 0.0022527344916341008, "parameterNumberName": "northward_wind", "la1": 37.159573990758965, "la2": 36.891503624159554, "lo1": -76.50857562782295, "lo2": -76.17423395016301, "nx": 120, "ny": 120, "parameterCategory": 2, "refTime": "2023-08-21 04:42:00"}, "data":
[rows 0 to 23 of 120, columns 55 to 109 of 120]
0.0,0.0,0.0,0.0,0.0,0.0,0.0,0.0,0.0,0.0,0.0,0.0,0.0,0.0,0.0,0.0,0.0,0.0,0.0,0.0,0.0,0.0,0.0,0.0,0.0,0.0,0.0,0.0,0.0,0.0,0.0,0.0,0.0,0.0,0.0,0.0,0.0,0.0,0.0,0.0,0.0,0.0,0.0,0.0,0.0,0.0,0.0,0.0,0.0,0.0,0.0,0.0,0.0,0.0,0.0
0.0,0.0,0.0,0.0,0.0,0.0,0.0,0.0,0.0,0.0,0.0,0.0,0.0,0.0,0.0,0.0,0.0,0.0,0.0,0.0,0.0,0.0,0.0,0.0,0.0,0.0,0.0,0.0,0.0,0.0,0.0,0.0,0.0,0.0,0.0,0.0,0.0,0.0,0.0,0.0,0.0,0.0,0.0,0.0,0.0,0.0,0.0,0.0,0.0,0.0,0.0,0.0,0.0,0.0,0.0
0.0,0.0,0.0,0.0,0.0,0.0,0.0,0.0,0.0,0.0,0.0,0.0,0.0,0.0,0.0,0.0,0.0,0.0,0.0,0.0,0.0,0.0,0.0,0.0,0.0,0.0,0.0,0.0,0.0,0.0,0.0,0.0,0.0,0.0,0.0,0.0,0.0,0.0,0.0,0.0,0.0,0.0,0.0,0.0,0.0,0.0,0.0,0.0,0.0,0.0,0.0,0.0,0.0,0.0,0.0
0.0,0.0,0.0,3.8194274925981877,0.0,0.0,0.0,0.0,0.0,0.0,0.0,0.0,1.5104141785665983,1.5104141785665983,0.0,0.0,0.0,0.0,0.0,0.0,0.0,0.0,0.0,0.0,0.0,0.0,0.0,0.0,0.0,0.0,0.0,0.0,0.0,0.0,0.0,0.0,0.0,0.0,0.0,0.0,0.0,0.0,0.0,0.0,0.0,0.0,0.0,0.0,0.0,0.0,0.0,0.0,0.0,0.0,0.0
0.0,0.0,0.0,3.7647417866392376,0.0,0.0,0.0,0.0,0.0,0.0,0.0,0.0,1.0670348034377442,1.0670348034377442,0.0,0.0,0.0,0.0,0.0,0.0,0.0,0.0,0.0,0.0,0.0,0.0,0.0,0.0,0.0,0.0,0.0,0.0,0.0,0.0,0.0,0.0,0.0,0.0,0.0,0.0,0.0,0.0,0.0,0.0,0.0,0.0,0.0,0.0,0.0,0.0,0.0,0.0,0.0,0.0,0.0
2.856120383797855,0.0,0.0,3.7702237248601014,0.0,0.0,0.0,0.0,0.0,0.0,0.0,0.0,1.0967499810952286,1.0967499810952286,0.0,0.0,0.0,0.0,0.0,0.0,0.0,0.0,0.0,0.0,0.0,0.0,0.0,0.0,0.0,0.0,0.0,0.0,0.0,0.0,0.0,0.0,0.0,0.0,0.0,9.5413140987569,9.5413140987569,9.517972294200414,9.538501838661116,8.959682403696588,0.0,0.0,0.0,0.0,0.0,0.0,0.0,0.0,0.0,0.0,0.0
2.7520632919710923,0.0,0.0,3.776446383959465,0.0,0.0,0.0,4.556192163835606,4.556192163835606,3.1126443412853466,2.981895719458608,2.835592306923704,1.0674771923664672,1.0674771923664672,1.7041217751571587,0.0,0.0,0.0,0.0,0.0,0.0,0.0,0.0,0.0,0.0,0.0,0.0,0.0,0.0,0.0,0.0,0.0,0.0,0.0,0.0,0.0,0.0,0.0,4.592320585248086,7.171030393112627,7.240154687515674,7.43756928554229,7.455335704556547,6.801291058015179,0.0,0.0,0.0,0.0,0.0,0.0,0.0,0.0,0.0,0.0,0.0
3.1990583159295842,0.0,0.0,3.773026769133243,0.0,0.0,0.0,4.284684024403411,4.284684024403411,2.8895690693149843,2.805580148849546,2.6586613913473025,1.0467633656827773,1.0467633656827773,1.6920875864665261,0.0,0.0,0.0,0.0,0.0,0.0,0.0,0.0,0.0,0.0,0.0,0.0,0.0,0.0,0.0,0.0,9.71528009626145,10.047250188591615,0.0,0.0,0.0,0.0,3.8862495769907,3.484791465963549,5.565694340360601,6.000798611203101,6.336191845222976,6.541260632649941,6.040701751352251,6.370992466899209,0.0,0.0,0.0,0.0,0.0,0.0,0.0,0.0,0.0,0.0
0.0,0.0,0.0,3.794310650142081,0.0,0.0,0.0,4.139128488165094,4.139128488165094,2.924059989252261,2.750271221703739,2.7138203921068076,1.2288501724503191,1.2288501724503191,0.0,0.0,0.0,0.0,0.0,0.0,0.0,0.0,0.0,0.0,0.0,0.0,0.0,0.0,0.0,0.0,8.18251787286245,9.624094900333382,10.244183307413865,8.019929345859198,0.0,18.150241861085224,0.0,4.437367015518955,3.663791082296426,5.092385575598332,5.936438534797444,6.304637456630074,6.534003296353892,5.77652523986455,0.0,0.0,0.0,0.0,0.0,0.0,0.0,0.0,0.0,0.0,0.0
0.0,4.4837701627947935,0.0,3.950144975617722,0.0,0.0,0.0,4.277905004936838,4.277905004936838,3.2956264490581106,2.8488569985428347,2.892391775129236,1.6357669376970163,1.6357669376970163,2.681376823475345,3.3084663813458888,7.364125998815013,7.364125998815013,0.0,0.0,0.0,0.0,0.0,0.0,0.0,0.0,0.0,0.0,0.0,0.0,8.298519878607573,9.376335437318227,9.927779866587635,7.103281875649329,18.792407726654936,17.729885458539755,5.34177069352372,4.825274307841799,4.0425792696860645,5.282983950519485,6.283740906044323,6.807292753989944,7.311002682092568,6.696819409121819,0.0,0.0,0.0,0.0,0.0,0.0,0.0,0.0,0.0,0.0,0.0
0.0,4.757782572721916,4.6710039107907155,4.069981789892849,4.512621800455875,0.0,0.0,4.403507531813462,4.1853096930033376,3.6102799663164546,3.007114239765958,2.9710058672118262,2.234172424716618,1.8460771501496769,3.069101042841475,3.7601424830378396,6.670992427301182,6.00270527251518,4.974750925839814,4.4607394823486075,0.0,0.0,0.0,0.8759035139707382,0.0,0.0,0.0,0.0,0.0,9.67015168017425,8.66859761377806,9.41806049563061,9.792841784463068,7.272929720020818,0.0,10.186304200966848,6.972018372787723,5.878968617028985,5.081655152843833,6.0012454446904995,7.1668292962112865,7.860523603360833,8.81471053796255,0.0,0.0,0.0,0.0,0.0,0.0,0.0,0.0,0.0,0.0,0.0,0.0
0.0,5.153351501744968,4.836327583339874,4.323425820912859,4.75182162255891,0.0,0.0,4.767389537318921,4.2284558259511105,3.898628700783546,3.1880208025640906,3.079229802439845,2.716538757806833,2.062159260830126,3.4932706524170247,3.7051124486408056,5.481831930620477,4.899716891201751,3.8334836060317956,3.3294466047109754,2.5611012739534558,0.0,2.2029469376930066,1.9298470717878884,7.119238954782979,8.10135785688427,0.0,0.0,9.48916047762759,9.376145729664087,8.750586193598998,9.405654764635102,9.700405551023202,7.364130296122822,7.833005218871442,8.785715593563992,6.738300676676357,5.734192817636082,5.1029501028006194,5.659479924624345,6.807741948025223,7.251289969834978,0.0,-14.249252239634664,-6.959139159810272,0.0,0.0,0.0,0.0,0.0,0.0,0.0,0.0,0.0,0.0
5.538005832295115,5.517991010489124,5.201650221976748,4.709216758396175,5.121748156165119,5.504590335176308,5.2543691993145,5.092298220796167,4.377988880038807,4.223953455346264,3.4738926620596837,3.2743957042274654,3.052842785066625,2.221831077295778,3.5417390731997105,3.57736611591002,4.734399569169195,4.1313274704050755,3.298023607485388,2.5335842260071053,0.0,2.7804804182465577,3.5585382247088493,3.1972485062289344,7.645482847530877,7.4463498988485135,8.57402254740915,9.038119087368703,7.837237382223209,8.629805644713258,8.439990537728196,9.245449443199888,9.630433751466661,3.477623740249231,5.986821064804879,7.427916895643621,6.466914463577433,5.544580046128995,5.251820933581837,5.868540549434152,7.612127419381042,9.516008718158204,-12.638264454557362,-4.986862190523041,-5.320251704632676,-5.235724034078549,0.0,0.0,0.0,0.0,0.0,0.0,0.0,0.0,0.0
6.035555826612825,5.698164215733688,5.41679520998265,5.006083619268601,5.367229965063705,5.587308686309856,5.45815108262313,5.336945864712646,4.635201041371652,4.6052761112259155,3.932783010661963,3.714019363529212,3.7849764488533464,2.69718190671334,3.8926081855540455,3.751574900674541,4.449060040763843,3.750249620204029,3.5371256088654177,2.739174302860874,3.403586453633098,3.3276587567551483,3.8660114017103795,3.7326866996914605,7.125153077361389,5.522586793503386,5.389505268078074,4.395884773928119,5.980677726091521,7.0953461608732,7.42127554735302,8.359705533345414,8.76104353152016,4.199485971865872,5.942057536577708,7.224609685604426,5.781563348781639,4.632026172622085,4.382712117282639,4.524005998079493,6.305884562521214,0.0,-3.3117338373035774,-2.9514905925305857,-3.1598072066612115,-2.9854884073609553,1.5608113852877397,2.1946982730337385,0.0,0.0,0.0,0.0,0.0,0.0,0.0
6.201038039540778,5.852473476720736,5.612774106198996,5.276961578343129,5.555888356692672,5.701719582840835,5.644078192882826,5.523277372786215,4.912467343484956,4.807442139435907,4.319230236040558,3.964030422186288,4.200514076328166,3.303703407210426,4.370654862593546,4.148792274059934,4.826868476549,4.146194399603288,4.17564061355577,3.5260456805516545,4.4995635094634645,3.3702791258118494,3.9265575432717266,3.9216079525469127,5.904620426789182,4.0246421257420995,3.2132396980517512,2.836307982508815,4.535044392167992,6.012559562426697,6.452147803518157,7.191646105597515,7.542507931966584,5.335081081706814,6.749705606813538,7.559040513116798,5.129636082722687,3.842443289158804,3.5618964215309745,2.7876307993193916,4.06765365266975,0.13174918845704503,-1.8494945220873602,-1.8713359529431735,-1.4964342043655043,2.79741847254531,6.546108243235686,0.0,0.0,0.0,0.0,0.0,0.0,0.0,0.0
6.2243323461039095,5.888022617610296,5.74094349965759,5.493167454536699,5.695948239005753,5.8130539442446985,5.78828345898847,5.636288438685784,5.141513314326518,4.937143666043875,4.710342943654832,4.355046709261813,4.764979864424061,4.1908175447411935,5.134554751427791,4.8666574609715125,5.259480540116063,4.5368913492190135,4.2613560621617586,3.915753594509738,4.338123365715419,3.6949140519590054,4.118554990945562,4.187390926564776,5.4915705905194985,4.061746715586072,3.0502389996540353,2.842303682601729,4.759647721139337,6.285933744519837,6.564826557687775,7.40646615763929,8.387300727056436,6.576283201830982,7.81617218980503,7.603090498103103,4.9928701328512,3.5757288414693793,3.5901483938409307,1.9722036144183854,-1.9035263694186495,-1.0618556111420527,-2.0946236568003944,-2.045676229500278,2.262197907775723,5.793030693829591,14.315579490988277,0.0,0.0,0.0,0.0,0.0,0.0,2.0460831769454133,3.677986791717204
6.28047154873198,5.9157581621574975,5.854493145688261,5.699231475137614,5.832437122665887,5.9355650737488075,5.932122146725952,5.762346758204957,5.401329478451035,5.144900242191487,5.178593929445184,4.982180870383474,5.392719122342313,5.036117620764835,5.620443762896928,5.463147818328858,5.392602361670238,4.743064350914522,4.284020867927587,4.343927846223621,4.697243451076682,4.517952958053336,4.547395000436572,4.27828741249492,5.285444432239863,3.922137326648354,2.6473283573591595,2.6130191418819777,5.4368232314869465,6.631938127843681,7.294567272671878,8.909133972745968,8.79979707194268,8.155716278795085,8.506213314876835,7.878244737106741,5.1739199268812515,3.9067062264204355,4.407123290208493,-0.5091181370599006,-2.7442887446833986,-2.3743785126344763,-2.2907737562404904,0.40555170593108103,4.181092904143048,0.0,0.0,0.0,0.0,0.0,0.0,0.0,0.0,-1.0559255921334687,1.1271594272483954
6.416298067413018,6.060691476648011,5.9927301480949335,5.943943683812729,6.007859929770812,6.100817149114885,6.1035517808118875,5.954554496130716,5.708866648962629,5.369780596253299,5.591612225524449,5.573534484816342,5.663095825235373,5.602060111262678,5.747130918409372,5.947041650075501,5.4600950986293375,5.155371479453845,4.703009082085268,5.05796969176197,4.968339068351622,4.68771259987001,4.350583389901659,3.90301051294742,4.936244566832942,3.29512029051862,2.248344144101511,3.2773654668492407,5.426307996734096,6.419128234320952,7.139345606701801,8.558929541390436,8.380521936705508,8.700032603689266,8.228758498348832,7.711491606004074,4.771035596686217,3.3027548410623724,0.04426844717715429,-2.422068023302705,-3.0144884345872356,-2.3523513672425844,-0.899264316703454,1.1473704960119404,7.356185121546534,0.0,0.0,0.0,0.0,0.0,10.308428374521876,5.881836448278117,2.2793189681771575,-2.1122551872264093,-0.04774892805310141
6.524886654809522,6.206555217810606,6.1411771699664515,6.141923544856192,6.171664641207868,6.271805928777115,6.2692643919469235,6.131978977844359,5.941940778167987,5.592297859715849,5.880080138802199,6.051241273890874,5.8672087006560405,6.054228332082247,5.74364790520931,6.217378317004202,5.448502791451566,5.546395507978911,5.101666647573218,5.628719919675634,5.6736455128668855,5.257213901042552,4.4965677584011665,4.012244817568084,4.86107168258398,3.43567031414469,3.0785233513016195,4.025994522136865,5.9327582169398765,6.624289744636115,7.864795695521294,8.244585478991677,8.563541076663272,9.123511629500975,7.80441735550532,7.183278379549874,3.643638959721067,-1.605135380885144,-4.535272986742254,-4.1873357030369736,-2.808517982241419,-1.6053946147419438,-0.7245782384755568,2.0173315221639303,0.0,0.0,0.0,0.0,22.17518059058471,11.169667007917878,8.510741506474368,5.573065914101804,2.647555216295578,0.27139026078870093,1.720615064664172
6.616160793650133,6.3622027553571145,6.345614454619073,6.345292384325887,6.380037899851865,6.455859101908987,6.438169555864686,6.322544687088144,6.160377970526907,5.880089552419667,6.166236091509038,6.364700091072576,6.153627581115285,6.2671485324846286,5.919158526686307,6.27483126152614,5.705717173372989,5.8383290772387655,5.723333697658685,6.083953163701105,6.326796725648339,5.353368384064202,4.8718482169669555,4.659189076821231,4.735702231855661,3.6213718869591145,3.1104153694475203,4.1666877148912524,5.4415942994771,6.304895112172443,7.477129701726006,7.733655517765974,8.8870588482352,8.170745342214875,7.210516247022609,5.414221345888902,0.051656275881284915,-3.5797880802099558,-5.154863261028336,-3.4182628302878606,-0.7544310532429257,0.26242736224628443,1.823410032165227,0.0,0.0,0.0,0.0,21.233880882641735,17.051164482124694,11.537714763874773,9.486076066701296,6.744356981897171,4.422772817178608,1.3130078488533836,2.382870944059413
6.746770487991147,6.5990173430248875,6.622195940850684,6.649002870790961,6.616800123519003,6.692671358661041,6.643793534779677,6.596655437952882,6.506155342860916,6.319175602449722,6.528229867445044,6.5325899868156565,6.30165094913446,6.385931473477243,5.984773655291844,6.428708879470521,5.927024379696961,6.017744519616012,6.1145636555079355,6.182636721797433,6.496482873530645,5.563397380353729,5.131164745849658,4.597599581771313,4.629109727419129,3.7397669805945797,3.196277209188254,4.366430837441091,5.328675443902225,6.389639720066237,7.323173699570736,7.855911667121527,8.428588053378789,7.386091420098699,5.590535837051801,3.0185535550984235,-0.09541869087060159,-2.9723855227732128,-2.1133508968421166,-0.4640268747140997,1.379492975507939,3.0158991331384075,7.811555892406262,0.0,0.0,0.0,18.115921717252107,14.745546081693806,13.515500715492529,10.031142675151699,7.412429145972662,4.389604297231269,1.5267074678393862,1.0011087326769466,1.8200170762437806
6.816877470788282,6.734251230266991,6.771730957773659,6.838656947309612,6.777965492021521,6.845065194564115,6.767527968544305,6.771411264195579,6.721669620819615,6.658306567209169,6.796904489768204,6.833738826180508,6.527495895549722,6.60589850177186,6.08255966447791,6.360556760925528,5.932882482737113,6.097073580367638,6.208145349713482,6.271437264514858,6.5593064316793095,5.821903410799034,5.2298515638130265,4.513336181812158,4.497326971033508,3.9468560929037246,3.4349508201799335,4.504614224040884,5.3787159807963345,6.420152141904283,7.210769322018695,7.743305176039759,7.4152348430280055,6.112294919398487,4.721249661605887,3.360246859608373,0.6694315376619886,-0.6147626877541225,-0.20111012831939298,0.1412675203610526,2.269393609029814,6.333377194693619,23.191183071800793,0.0,19.193401764936596,14.622624650414515,12.57913411481847,10.877520074040662,9.257447241178772,5.812732333927955,3.789284856417252,-0.126098775772026,-0.9873559931217152,-0.28725727453752287,0.1338158656025787
6.912889506626654,6.899270352153108,6.946324398086424,7.020767964750512,6.9407621592932385,7.011449064660539,6.927125807756565,6.942505801946092,6.911136587845284,6.94592086267724,6.991497456823601,7.017042073313148,6.6674440781214255,6.8911865301305975,6.3046093302336805,6.53990217222224,6.251815471942835,6.275863106331223,6.233995762878995,6.2661572233411365,6.566435969201979,5.72879480417684,5.287931871337598,4.343587962602206,4.390326819647592,4.050204348371976,3.443100529678075,4.0314866910909055,5.232383044689606,6.044022662802884,6.931421282969673,7.187229364185659,6.458392731989764,5.007227009558873,4.213729809877264,2.8348167025184545,1.9554777685858424,1.4604586910471447,1.2473511918854783,1.0580889569536394,4.295906820369707,20.595019320911707,22.40927351823685,17.28361599793387,12.758766444321525,11.288499951257826,9.8616800644802,8.152145317721494,6.621358796964869,4.176301685401434,1.3769175792745783,-1.5557025484331863,-0.43395677057570975,0.048120546360233024,0.9802779603372477
7.1462122187671815,7.142342969181823,7.201275743641593,7.2680432097975975,7.169404370605413,7.238153318013526,7.162638326706492,7.203352382914573,7.2100674825511355,7.252767828008784,7.262287664932994,7.224261159121072,6.847766722459603,7.097667561919169,6.420427419947705,6.527267615158322,6.42714477529475,6.395002320172529,6.465361417817769,6.441360322999934,7.016133649404183,6.124911529940342,5.756059411938032,4.465773543926174,4.447586033050795,4.065946531097633,3.3735768653241323,4.102965851953406,5.223522743594435,5.897071139798245,6.924664537404869,6.458182219342642,4.646254280380535,4.342473686075899,3.709731647499551,2.8706534143609956,3.029262161911837,2.53833399294573,1.7033393305118203,1.3886711391901059,8.975605451973735,13.807964880133179,12.696000799089823,12.471353754261912,10.765370434088606,9.80549078623696,8.587499701001052,7.333192797150413,6.075703453440926,3.1350771531810433,0.4030470186450976,-0.4105371588240354,1.6392595532287837,4.394665460313515,4.482851831589527
