leatest.json
{"header": {"parameterUnit": "m.s-1", "parameterNumber": 2, "dx": 0.002809577985942724, "dy": 0.0022527344916341008, "parameterNumberName": "eastward_wind", "la1": 37.159573990758965, "la2": 36.891503624159554, "lo1": -76.50857562782295, "lo2": -76.17423395016301, "nx": 120, "ny": 120, "parameterCategory": 2, "refTime": "2023-08-21 04:42:00"}, "data":
[rows 24 to 47 of 120, columns 54 to 107 of 120]
1.7406564519012304,2.416935268314367,2.180838364886413,2.0404282478126596,3.4295249509733035,2.804260779153756,2.487577096873408,3.135783443345332,2.4004335101445684,1.7858242071083832,1.85499942133288,1.8295599994278935,1.505990596376481,3.0612170188976267,2.8322406984364186,4.209140103199053,3.6977158979334925,3.457128649670045,3.3843203833638684,3.536623736733155,3.6252072148171264,2.133862563681059,3.419875522993557,4.8164539007131415,6.617067611185794,6.620953017578494,6.8505582973570105,7.758504735883952,6.46814180419108,5.165960307536903,3.8718771461643935,2.2450361557059684,3.6589196928902163,5.413714145558571,4.422483393253731,4.447764712583082,4.730558932189553,4.3135743494551795,3.8945111552377307,5.321740331684432,3.9943538884733045,0.6427865987201197,1.2009804461493316,0.03732541329366833,-0.6977384130282148,-0.7959964929535849,-0.6080066272144972,-0.0891524589055442,0.8815543871845761,1.8682944621575925,3.71565333847041,4.74348628079053,5.396770825080834,1.1311494682168026
1.891145029362947,2.49881876087077,2.5008573350904064,2.3762804042539236,3.739835879667418,3.2739413959144157,2.5710422519415967,3.3310841729675915,2.452477788516829,1.8939280257421607,1.7411129818790922,1.6927537065624159,1.8729413677726017,2.730855721853838,3.504316026474551,3.9170701932629783,4.078720873809918,3.920470689679929,3.4884073845292116,3.54921133070385,3.5267665646386144,2.305849364565975,3.339736333296221,4.969766766707458,6.417875892674504,6.224339095534982,6.429904925859618,6.67695302076868,5.6579470678963615,5.170489413605595,3.1449213610656512,3.0335065613198635,4.336613971955212,4.909210671235682,3.383345419009089,2.9266973522714603,3.1764432745834785,2.058214599934453,2.1416333827196445,2.4367833788896256,0.7669382905591705,2.5215389333232645,2.7304463198390923,1.8279204433372436,-0.29165854658127355,-0.8893690537687831,-1.0095049982802713,-0.38303498090912014,1.2009167359362591,1.4693607490603944,1.3292194731605689,2.0420247724423968,1.3349957660686496,2.3176558398162226
2.229663356705162,2.9817254231128754,3.093975302313391,3.4126795810139856,3.801971625288103,3.287006527916106,2.4524537473326893,2.552137210883939,1.9256462128502645,1.506000714374331,1.3897205219803601,1.3121739900852425,2.34396573225224,3.039879627174566,3.884536002312596,4.405889861868811,4.356913507897746,4.521967099837947,3.720529118777287,3.6156457349106725,3.6017971501115955,2.8061317701592365,3.6551061166026586,4.897812360973117,6.2838296481752804,5.968527973910541,6.293138803335928,6.358037110609124,6.0925741361146235,5.72253587828503,4.172560729832954,4.277394502206713,4.9020167849597325,5.153272308534407,3.5247279972004284,2.820599308177463,2.6950960859497264,2.291039087099364,1.858931301497004,1.6851346829530072,2.053776572027969,3.2211565704219765,3.3418357625796093,2.0138941481318664,0.3977802869399559,-0.4192661380442083,-0.6705374513269741,0.1475340379304002,1.742413265461286,1.4212887894978752,1.1608174219628011,2.915133465849725,2.871714907818264,4.130076798322561
1.9960952096602815,2.8829245170100055,3.00683892471392,3.0500658409003636,3.0176168282949885,3.030656603548988,2.7857307342954507,2.5336695992373497,1.721716318599971,1.5077436839207614,1.8055554046129427,1.6603692683024374,2.4821593140942366,3.34588409507444,4.143680251008465,4.572151653224858,4.4499373399383995,4.728033971226966,3.8114171262459684,4.503091145238024,4.296049318723224,4.291464023671108,4.603113842853883,5.285807115113919,6.074027557509182,5.933603495215412,5.997118693101707,5.794160976672976,5.905709363377157,5.251281741696241,4.73632668214735,4.690923183272245,4.7941177717813455,4.705798974501567,3.4729052499597493,2.2682923503712034,2.583197487814005,2.5136303544202105,2.0443401673115487,2.5125773028282317,2.9366759149850448,2.7588974722265642,2.312584287597673,1.6914347623522454,0.45913995627389437,-0.1971339596475937,-0.4093435697457609,0.022151850249991854,1.4719567815329837,1.2385126662888706,1.9980598925681918,3.4693513933460203,3.582057825408009,5.083131292230146
1.8720567754490092,2.7227153289532326,2.898370327651894,2.7219101630145053,2.352598492772043,2.6870164078364063,2.822141817924211,2.4544950334414395,1.3863155092208685,1.8413265587419838,2.4595666037370294,2.6512852199956978,3.0801443585244295,3.768191041072214,4.731894069050838,5.002687641068239,4.797143142326175,4.809949156562565,4.33846279758384,4.928003090450205,5.329384553205677,4.928457720479687,5.044926081845383,5.484330251581251,6.204671513532222,5.996136053807044,5.854809256430689,5.583334456282901,5.471125570538378,5.233051137208706,4.822567247151028,4.682887255966542,4.602642572970966,4.529516888558599,3.702344087458634,2.855646018178693,3.589125211745924,4.080640355398775,3.484963643529828,3.831213540768421,3.908166991601512,3.566020620880576,3.256229019413738,2.8423746890283574,1.8715919494884155,1.230838912103806,0.7729937974294295,0.13082318266051537,1.6275965067073759,0.25155881544389874,2.9414330762417555,4.344990969065943,1.422206882065573,2.4432398221502587
2.2411296103456655,2.7172824884467897,2.8537454827250066,2.824601445066338,2.1684241205814696,2.4828279311078076,2.717911517833713,2.196969412842324,1.786487864045485,2.474327216248782,3.1371160456228373,3.4762304671469764,3.9642090809050634,4.071547773449898,4.80885302594536,5.060730592572832,4.822463828044984,5.031672661670854,4.637254764904352,4.962612966457649,5.63733421036974,5.2262821803546435,5.100059902023149,5.325326793739716,5.990874350509325,5.896597604979285,5.6889026133415905,5.385674830201859,5.111490381510987,5.127458132400081,4.42741357882437,4.653463516288044,4.242114855219708,4.130650922149055,3.396081507698543,2.8371898024465496,3.6200544874705005,4.339449959581989,3.754482801158245,4.473504472108503,4.3922257066531145,4.160039743516467,4.236267251864268,4.020509515578387,3.325360733509518,3.016877592120093,2.805725007646284,1.9903008178617219,4.857682603328964,6.288795779913389,7.905954229385461,6.760518191598305,2.5759065796244207,3.3351156129617414
2.279650076751926,2.6795806994903595,2.992234350503562,2.727133498535421,2.1335220163292608,2.4500369897324776,2.8735014364783185,2.3748056692295303,2.1672247680203998,3.4569875094688447,3.9575263914282135,4.2427407173435485,4.592950792436764,4.3755153187986044,4.9600230739022795,5.156793246133945,4.8963264178705,5.02133123543212,4.58132322391935,4.821065501842679,5.439826749116169,5.379267345890437,5.100614071933094,5.493439223738903,6.177044243664636,6.306192788440908,6.1135068526535825,5.5376116542156,5.148566317319123,4.803409880402578,4.314390682209117,4.105670425129561,3.7781030166348666,3.519998703152553,3.116191005443659,2.804691890834264,3.5487660164638655,4.0212884805410445,3.514388718826245,3.9949997245868634,3.8234456762373457,3.938146451448686,4.283753998131387,4.162941290003823,4.237885940014659,4.614594471536418,4.6912921274801676,4.705889459240326,7.30427347667935,8.245617365108917,9.075944539499567,9.320799718589141,9.195334203475243,9.384934577521047
2.332612506999366,2.6328947909231424,3.0160916426769546,2.7558069056348256,2.348606722009296,2.4150134943364456,2.734352697116984,2.6605699000189356,2.5242763329888795,3.9819783632732326,4.508264911250357,4.619201643298688,4.997670914172576,4.645284379889761,4.900370442855738,5.2391841312090435,4.917036007679311,5.04620829890829,4.7987677846277474,4.966035552849034,5.10248765036692,5.320369172010932,5.031666284417617,5.360755223387017,6.041029284393618,6.098179492898366,6.135667956344843,5.319096970460054,4.889643240023816,4.759528275938366,4.450916556208625,4.210842687416522,3.9022672944790853,3.8859052367735156,3.6854516664999863,3.6529927841918384,4.25182180603202,4.5846034902277095,4.080360837358995,4.115288309294169,3.9589781058078515,3.9672171334692705,4.128205496917075,4.172923113861053,4.186677808998364,4.395944013885338,5.008446240861978,5.182663686662619,7.375379963374962,8.434670237352371,9.735487293970488,10.951221446254618,12.563341658069985,0.0
2.5708286984700846,2.809571749675135,3.0018308324278866,2.679214474659498,2.3046445933961808,2.4686691779825085,2.801937991900094,2.7128304664290397,2.6237138610412525,3.957486379563198,4.699384930959861,4.828386520376634,5.163143801964112,4.977503764867827,4.811722026169032,5.310575125811834,5.053426959849218,4.776993602497636,4.6515321193326935,4.7430612793644205,4.650036251579292,4.896618034062873,4.8900984535337715,5.042108778647288,5.786603118019328,5.986820001684707,5.895328972047966,5.010113619664232,4.623897896064598,4.451163728975466,3.9939708389627055,3.8988353461878558,3.5467456143896676,3.6466672371676836,3.5688635166638263,3.587470612504722,4.1420930162665845,4.3731627796605865,4.0278770449170995,4.152410875761452,4.057466012539049,4.427220962843136,4.890114816918357,4.82881655391424,4.941262217528832,5.553749133046503,6.188855861662264,6.413430355337828,7.844764568813719,9.02663909326729,10.244097806041035,12.368182231585196,13.477743637370311,0.0
2.788638266089741,2.812061432898957,2.8393191844289998,2.752359657945587,2.541429047121458,2.534263222646627,2.8126196600680866,2.9281298366225306,3.0561736859523263,4.022979634252097,4.5553587812225285,4.875900210826549,5.063542730794141,5.089222282856235,4.88455933744794,5.132475091342424,5.070792595734524,4.771309373979969,4.541921034860802,4.541923102323399,4.431298968846976,4.601442235773948,4.7748742055116535,4.901055682722569,5.279681115807641,5.710624886333183,5.541761204730488,4.81983721471298,4.077400078027535,3.8861688787053783,3.7695442048834384,3.6576804299838455,3.482416124832591,3.811122463674387,3.9411729013129797,4.0812048778457735,4.482183234429606,4.540740282420532,4.291663651430939,4.289364872016643,4.294653535781481,4.772183089615065,5.113680964362073,5.383950464272673,5.565639420752231,5.983247507178628,6.976644716685166,7.682517175733573,8.581054867773267,10.846276294789744,12.022617750004041,11.80022400473898,0.0,0.0
2.762577133861179,2.546831122982764,2.5009591569942127,2.6580379181584384,2.720080555278441,2.666159042869846,2.8986822148808478,3.1760254707296864,3.464242317728335,4.175016166386598,4.409331452332525,4.7330680412208945,4.8752883338151065,4.758350257282011,4.582358976779729,4.653460290804115,4.747442007897916,4.611348267844585,4.345421717295301,4.476501639437966,4.343219968721893,4.51977350183546,4.57863894057782,4.674448085933282,5.044362268223186,5.652523297838666,5.538705843132333,4.754384462311742,4.1632810721192035,3.892258670251359,4.039270040424274,3.9065734888811416,3.7811795951648692,4.015644608506779,4.265696996051766,4.302267015901135,4.59427458996665,4.861839866220446,4.582437954622841,4.6504264386536125,4.7212419990465095,5.274076952794566,6.0941024082455675,6.3320637169301826,6.339121276207003,7.17128239291859,7.555235609476762,8.00968745663102,9.600640938095,11.365651789963318,9.922608720486718,8.653543848529969,0.0,0.0
2.725504503265246,2.397743056330499,2.2961372451695397,2.5801909689277363,2.5927628557659035,2.7109884926950105,3.055091443818143,3.24425254252169,3.5101963169132855,3.994134099949936,4.0655190709325595,4.33975995347969,4.541912614652081,4.353804276618018,4.164132354815414,4.163602277126938,4.167142549039774,4.03890465415985,3.9766408604814654,3.923043204925559,4.003321741526062,4.1475235535107435,4.244954875513917,4.484045571159476,4.959000305264397,5.439389021695942,5.3707381036881525,4.8148078774871035,4.2631593659718146,4.067565468430748,4.191520443462436,3.965032473587367,3.779492835422598,4.216720016937646,4.560172200223517,4.733593080439372,5.273619163520377,5.420295713255885,5.293819525225,5.1232298371532385,4.983446357543091,5.80633704786489,6.3696980677289075,6.491743104877837,6.647019562362237,6.925948669266117,7.390402961818479,8.624033125562491,7.874461864025972,3.393224523058284,1.2664950005306375,-0.6130806707500961,0.0,0.0
2.2904128834489974,1.8635212375956383,1.8000189381172098,2.2076790037337712,2.369161485707199,2.7978011122629027,3.316593492439486,3.451475007214097,3.603695704264563,3.8344986667196532,3.7625754662677586,3.832861566026288,3.989059089705698,3.8026828542962083,3.621467417017237,3.593878969845115,3.496501160851638,3.4638559321371716,3.525595230325461,3.5441536432652168,3.531792151783559,3.8162000356567587,4.014237085443665,4.325516521052092,4.911659421074166,5.489839559464273,5.502810676864426,5.175841233328499,4.503798399601779,4.2048800115469005,4.113065014672297,3.642494574922046,3.7704318627836697,4.1848561443203565,4.9065068274662975,5.148779730851686,5.592107463825875,5.674849136539223,5.359177826839586,5.197473427870481,5.291041542015081,5.438011323300413,5.931305268684935,5.904125030379916,5.8849986434101185,6.295792809777756,5.904420545964801,4.332390180822407,2.62043118800602,0.8153040826723232,0.4245289021757115,0.5901797387378014,0.7184220937434621,0.5769425047582061
1.9654742436834136,1.758468570226437,1.6549878460065663,2.106048114579529,2.4088325504816765,2.8136027603521425,3.2409320352256428,3.451410103466523,3.4210536083645784,3.42657136054822,3.3566524572941647,3.255677194344279,3.354895174957918,3.2434597037042767,3.1804510656537692,3.1828842695702653,3.1244876385189992,3.0586025714377048,3.1109675312865286,3.236442454697295,3.2822718027636673,3.4794173247724207,3.7680727911413467,4.179336519470779,4.693537575091845,5.340597501710383,5.509817883670284,5.102638757900999,4.53169072813426,4.099430037868441,3.869630296919795,3.557565356110163,3.7373900448898234,4.347349140376526,5.129513438280151,5.394577353151762,5.711077278018984,5.735002104485796,5.586976454392432,5.57173343930988,5.361016132214165,5.3506642070678705,5.807750033150011,5.994051190462004,6.131468548049788,5.574433320963907,4.7644960475627975,4.065905022158298,3.1014707480833263,2.323536557393186,2.7580441471484307,3.0027491319210866,2.9972989935971963,2.3193213081851605
1.5715730209473846,1.4339034447630608,1.4365298056303852,1.9021570140603252,2.2897691132115283,2.6406766926390683,2.939546483005829,3.0836740689871105,3.14085482326925,2.920401355929155,2.940634977495241,2.9067333935766313,2.941119600927526,2.8939644847972508,2.7915448302187715,2.840289645988539,2.842525851745094,2.8501752174695096,2.9481664725369052,3.016180353979676,3.2174596859905646,3.3550155266594865,3.6129054276809693,4.04205342088872,4.599364468484758,5.1700601848063075,5.3180273550750785,5.167390544052936,4.712593090270775,4.270802543576786,4.01355546245709,3.7178894379308374,3.897310482251237,4.495383245504234,5.329639595190259,5.481454470989242,5.808501264503569,5.478944983459343,5.173851425033301,5.1143487916118655,4.995184538017786,5.127968887157889,5.313296373927906,5.23947350418073,5.543478897850821,5.6291340078221,5.389264593762565,4.592150114993832,3.809735165919275,3.3078338185198453,3.703139828023845,3.629769491244296,3.4122692548759694,3.138098574196404
1.0909569292531738,1.0730036369159714,1.2126528619407961,1.6433879710994468,2.0273130125455228,2.3428393631062217,2.605053617412931,2.6492604265078126,2.8428989836549214,2.608241136299815,2.7305716854382416,2.798227576757707,2.8022593828655826,2.821236810702952,2.717774448159477,2.7360651945271623,2.7923893474018984,2.884431670636226,2.92854660357213,3.102231985981513,3.3616159359874045,3.5052125364627225,3.7705286707650147,4.084878433628972,4.646502132992279,5.173574302197501,5.341248083667603,5.342109424104582,5.060563200504228,4.455082175610175,4.164494485146191,3.87550166631918,3.9965394425583303,4.441207476782626,5.201258390331544,5.194031856626427,5.0917760781605415,4.73434929442714,4.548098970631394,4.431633740451253,4.204023591575481,4.183769636891199,4.400969326411482,4.475583687552885,4.796476280844748,4.897374953259607,4.832978564735199,4.531173406488875,4.042571461993434,3.6381029396272813,3.974228714807739,3.705574679444218,3.376555051910957,3.67184465195288
0.6771136907913061,0.769020973575822,0.9579788868164272,1.3880285999953603,1.7194187953907116,1.8398111340026428,2.13058142463793,2.260234322830773,2.527534787497505,2.3896059571097448,2.626368386303305,2.804214892879431,2.895858535120899,2.8714229704157876,2.6836693801708913,2.722112147597083,2.788259067311877,2.9620393597974313,3.0231041007634984,3.2756570338978497,3.5771834721161264,3.7702726752470936,4.069295862886583,4.360878693633051,4.758024032573825,5.2223875924161085,5.335024707026808,5.314469640408845,4.9946668169416295,4.619959119324561,4.2951805427399075,3.966208669814445,4.102478481335585,4.440026418799268,4.836401184995634,4.864185862646081,4.92746234030814,4.483980550443236,4.258825268731914,3.9690488306957943,3.767806991895284,3.7653267442931884,3.287734996179227,3.3258907148043186,3.495381759438227,3.610614504665325,3.8108772006758436,3.680569327877298,3.6576218127660862,3.472826238492114,4.0157270061640995,4.74181126848698,4.562943385680902,4.9611200442313965
0.18843214593022237,0.37280161515800003,0.5890057521035372,0.9925100464046349,1.2194879497243192,1.4416632982578594,1.688746070419552,1.8753777111567171,2.2340669955163515,2.1920339497483,2.5193897679875397,2.7027788301198363,2.8786595453461796,2.833395123745038,2.7142770350595042,2.7269919654654498,2.780261142762288,3.047389929366573,3.2300496011831648,3.5224634371744563,3.850990475824391,4.081173780186478,4.387775667086609,4.617629056993597,4.917413226701016,5.2519089292484225,5.368143217442211,5.304926452806083,5.041984576719576,4.720440502453389,4.419462311919263,4.057833456619247,4.154047425185101,4.399409490875817,4.636709148148862,4.450169064103199,4.485832795691864,3.982512429586874,3.7661532790352226,3.445017785176848,3.222200966602716,3.188812614349542,2.8491367161001873,3.001360059405211,3.1397206016852732,3.483496315283245,3.9201999062741937,4.174163214049258,4.465351350248793,5.083791634550832,6.152543761912267,5.703964579792028,4.579011739164756,3.7448337580446402
-0.26380278654717293,-0.015076870176871537,0.14865959958246755,0.5522589997606318,0.8132807082051211,1.067201657417198,1.3889280820681753,1.641403637171575,1.9376610450937568,2.0637381181734638,2.467270185352633,2.61486879156133,2.830134125916569,2.7845469879762947,2.735240604615321,2.792132282895942,2.832854445200745,3.107674361069265,3.3684766094257337,3.656379439872421,4.014691637281761,4.266994495367077,4.54816174677407,4.735656712385253,5.036889731611061,5.2752738770193695,5.358339962115151,5.279659610140918,5.077966121191895,4.7384480556606645,4.319206777565027,3.9705915632528237,3.9938998785213915,4.224905780062766,4.488150199853083,4.395275574802102,4.240888910565432,3.7213071488594394,3.359860721618274,3.124221897874418,2.9583946118019866,2.9045892776387343,2.592243450750244,2.799253702955139,2.9377529953767114,3.289428616918661,3.8551181357131785,4.284036941248475,4.291274403662605,3.9458653096940854,3.9219181383329746,3.173779802433092,2.7903841935009717,2.565328814685322
-0.5791010397034323,-0.3339417074621416,-0.18018390223619404,0.2520986130321298,0.6108700884170535,0.8627965718570537,1.2183028053819083,1.5383523900037428,1.8992321077340086,2.158365339731757,2.5608316458974807,2.6473042808652485,2.850529773296553,2.85025821351866,2.817024361552118,2.817852185021205,2.905705526676169,3.152339416157055,3.3932146147805096,3.6315615446397604,3.9430265518340573,4.251138915198706,4.560234854638512,4.776263043730991,4.950804334904705,5.070394508880297,5.214243232940741,5.127901540730672,4.952185858832019,4.723886437456842,4.40556345763288,4.153620457814151,4.21119524403419,4.430451836423512,4.556363157399244,4.4515775444896,4.288811012840555,3.8373375720545964,3.5369667050708204,3.2274664945958254,3.1072249682450406,3.1107338378611757,2.945687915152033,3.172750472716118,3.3108771509434294,3.757804637926708,4.276049364015476,4.569290820885796,4.569684102913703,4.5647523608766125,4.420669750605635,3.913581420502412,3.7204570511502926,3.6181149475073715
-0.9599740277065215,-0.48730941055437293,0.056637657014506154,0.18153780832802013,0.4612707676256995,0.640755479371974,0.6848881361676842,1.1532188278663948,1.433998666703154,2.1009898877133737,2.3793796023961953,2.7943353550186445,2.921846835485365,2.9240970973490406,2.8851192319200427,2.8929498495886206,2.945594180603575,3.099496157628374,3.261879779609909,3.4458688498927645,3.711710740839564,3.981744483411374,4.273854784527766,4.513721116789142,4.678083101960273,4.762023876417955,4.871616282167897,4.865128292428526,4.767699151874071,4.680348395837217,4.45943865969944,4.29914982129393,4.299631588832521,4.551328467304308,4.6895838244846,4.562556322100408,4.382238107870237,3.9760620861033944,3.7021322701951003,3.513436131198886,3.3069155359199276,3.4672373652569295,3.5287435661358173,3.8027160164772025,4.0525953857576,4.229511389533193,4.458461315531998,4.840096679485524,4.9665739335429375,4.169036144522432,3.2671107075822805,2.3521492587273407,2.2871841845901564,2.4164357981382056
-1.2590774786197443,-1.1314646340842778,-0.2779387499717707,0.08676938760563058,0.5618423550502374,0.8014792353893372,0.8477996602928108,1.5003525336318058,1.7050163068899997,2.4497023220036005,2.6785198553534473,3.1522436539840344,3.116845016083076,2.930226356201138,2.9371205391799755,2.8621670737548723,2.8598873910566014,2.931101245565772,3.0808027763498194,3.238751216084155,3.485994774225238,3.736623100923748,4.0127348401986,4.267782857167867,4.409263182346881,4.497336808859684,4.580304687704569,4.592798663382149,4.6061803393575,4.580276660577531,4.516677551510958,4.4228890104867595,4.421436385440124,4.598307717075346,4.665748649498975,4.542767460417434,4.503696825133358,4.21207231800892,3.919272148066072,3.7601384875793795,3.7838404147823748,3.9280012346544373,4.0981905645914605,4.2838453138779276,4.23924471569933,4.0956790779324095,4.134335193249406,3.959680160684748,3.3315192895120127,2.862645734386497,2.379008642948181,1.8013156660585405,1.7880476872459035,1.9054732215678234
-1.7478888161103918,-1.401442638561221,-0.31396602586312405,0.28116639562309764,0.7937039370787007,1.1403518066899676,1.3761338019884695,1.892278107084776,2.1643403379192665,2.8113211431206504,3.087018958674262,3.4853105260839166,3.352254389591902,3.1510314148655723,2.9768044973342582,2.874626904201538,2.6622508196064527,2.697658164405766,2.8412829631462087,3.0511285409980915,3.3081637819443253,3.5760644069882086,3.8023390929967755,4.038295246138566,4.203448920609123,4.309433894651806,4.413191645677195,4.450701982770006,4.465442053009999,4.504855463468462,4.526847154202897,4.618091171941172,4.687526579685602,4.8952499912010055,4.8226779545091105,4.684761050216019,4.574930788651771,4.451757179113471,4.292211335855336,4.183447680604366,3.953643959160574,3.857493737768603,4.030691999192744,4.07589567319672,3.9334685704796373,3.7125684974540727,3.620935660439303,3.50738903082179,3.082564949636273,2.85869419297496,2.802476040012182,2.360078658045197,2.4585813136841077,2.475015207839448
-2.235031029984626,-1.3805475121249124,-0.19177387003671953,0.6143555879946436,1.1318689450996795,1.4179776244965376,1.8168836416364074,2.076756042175973,2.5008451679374035,2.881236163637597,3.1962709246624126,3.48155689345934,3.3499360393970274,3.133949174156109,2.9346473798556802,2.7540563486854843,2.5409394773399905,2.553134425621041,2.6826766347408433,2.8901251740552034,3.112026825694948,3.374159749987226,3.598299699560611,3.8190131163125085,4.017287647639865,4.095415141513229,4.229934639660597,4.341372439849217,4.3872548541419265,4.46695900950262,4.591929447837079,4.812600571457646,4.929935066622309,5.073869439921064,5.119732686261854,5.02483017343866,5.0334651405758795,4.90537906184146,4.757238209477158,4.612208782853244,4.346121214990696,4.253091759465478,4.495587812664205,4.413939759286113,3.9963230761290314,3.5151850635822175,3.1529561547449405,2.823910224610478,2.4427370169575546,2.316302489688542,2.4132943027926905,2.1724100756833864,2.3323559629163566,2.515498659903605
