leatest.json
{"header": {"parameterUnit": "m.s-1", "parameterNumber": 2, "dx": 0.002809577985942724, "dy": 0.0022527344916341008, "parameterNumberName": "eastward_wind", "la1": 37.159573990758965, "la2": 36.891503624159554, "lo1": -76.50857562782295, "lo2": -76.17423395016301, "nx": 120, "ny": 120, "parameterCategory": 2, "refTime": "2023-08-21 04:42:00"}, "data":
[rows 72 to 95 of 120, columns 54 to 107 of 120]
0.0,0.0,0.0,0.0,1.6012477032841692,-0.2990275252342043,-1.8527342949373709,-1.7090955423136291,-1.6794412044847196,-1.5182793927280995,-0.8212970456225084,-0.034919104279630186,0.6616157787374375,0.8623816009321729,1.4400884526677629,2.1488913116457766,2.8252991487822237,3.1651887792138016,3.4984294962070766,3.7579706325432785,3.915685389829843,3.896802103722894,3.9792449137829906,3.9583446530669986,3.922951444768696,3.9786006713478708,4.010266355831474,4.080918719628806,4.112671203017658,4.2461969299245395,4.191494345454573,4.3131611537680286,4.358382500759655,4.467471743052578,4.579389126812003,4.627259846105073,4.612343274008643,4.563796734396888,4.544204983931161,4.55773244335731,4.499183888011681,4.189827164564566,3.9624180978370274,3.8451729473716987,3.9917452778881723,3.8723873189677396,3.652481363865133,3.5252928779151835,3.360817212977146,3.7851014754491734,4.147777570449415,4.597208753573296,4.7981215824892764,4.2790140533968035
0.0,0.0,0.0,0.0,2.0491735694768316,-0.756417303126736,-2.422639497708738,-1.9233709763895472,-1.5920024339562768,-1.2550710063960575,-0.4792188017418833,0.3187362348055145,0.9012073591016474,0.8686833410837383,1.7138476053775957,2.39357684246492,2.9785386787376167,3.320966062303269,3.709608742387648,4.0495558406003624,4.280560468431982,4.296601631772367,4.339982280015185,4.273391072349698,4.166135119667073,4.134259572302039,4.067287708610031,4.089324804115563,4.123007950675933,4.222820602181837,4.184206851036364,4.226169957613526,4.290739433118546,4.399869392658701,4.478909093452119,4.440233729225541,4.45698576618969,4.442847019793937,4.355354888588418,4.428005712613505,4.407700948806859,4.103964150208268,3.8614858937784717,3.715575037160546,3.6675323534486037,3.3616035961374116,2.922837012797356,2.6855108540148427,2.466659215691949,2.8231013839845724,3.041353931594276,3.2084108495177603,3.521453656725828,3.636554192548708
0.0,0.0,0.0,0.0,1.6972130592566306,0.3419231921364185,-1.855851500977466,-1.318497864648379,-0.9299586389200596,-0.5766381235539226,0.02004598000801172,0.6796542706885524,0.8856833405764865,1.4762650731756355,1.9079825309384857,2.552703900818321,3.1167803507284333,3.452506303656953,3.8543123464169735,4.269475771864204,4.56784032587815,4.596641553073951,4.687427762973829,4.654730345424833,4.552056028900222,4.495155555144261,4.391224477876117,4.464227965482977,4.405846153822113,4.537325842716834,4.569426215082077,4.489040825256699,4.459645671919905,4.45486953945868,4.462963807359853,4.408432599269984,4.216780908870699,4.095648524043661,3.988494209151178,4.056963243614236,4.211335556538316,4.201218697946581,3.994967344432926,3.886406386792422,3.9631112048959247,3.756510844331926,3.436894561610416,3.3323033870457888,3.0899215743141917,3.3572195235386726,3.4502285394395753,3.6039022549189554,3.5975518375195468,3.6678803770314414
0.0,0.0,0.0,2.335897933111846,0.8936446863761899,-1.384808020694061,-1.0113069320258856,-0.7015839952195533,-0.3990355191726273,-0.07611706729799916,0.39958325952088725,0.97885851789471,1.3095689279308973,1.8342198094273185,2.1633135048392784,2.699546852928993,3.1650301498704443,3.4581521600401004,3.8683804741061385,4.361375709294056,4.793253006775266,4.918720465105787,4.993384746382796,5.058991440438529,4.9514333685381375,4.840794466734952,4.662479021348051,4.681324559908504,4.601981522299682,4.57926557400046,4.662607048253213,4.623063486771751,4.571612401412686,4.605506617251161,4.6045549160523205,4.616266643080133,4.365788682587559,4.226291843277819,4.100744881432844,4.0227773617682265,4.218831940210238,4.2963875840830426,4.2377492985705345,4.1243519443086125,4.128663422987974,4.034597537390735,3.558739439527978,3.4940479668025426,3.411104029026561,3.304734611889616,3.08038148729597,2.9915000786120394,3.0269583991417726,3.099434826993945
0.0,0.0,0.0,1.0920966919686694,1.3022822351021566,-0.404209699709424,0.11207344116471285,0.38687722958244103,0.6132344205553224,0.85791894588519,1.3203847605287844,1.7370092964814348,1.8722042979008677,2.1712337217646676,2.383215415738553,2.7642980712322682,3.1208482489392058,3.4022407331360713,3.8330946456383717,4.4144670977226905,4.973131722197219,5.179535743860894,5.292641455665347,5.40930956338614,5.351497696789585,5.209245066417414,5.02134612743286,4.945249520261423,4.741484120976996,4.709835753737473,4.799855000142323,4.685570761944062,4.611998891740607,4.666307577110141,4.726730211454408,4.786920465218453,4.50688723624194,4.3252327295833926,4.02561731706246,3.9006094165795853,4.22020610200969,4.3919354200886,4.30372268090513,4.103846258449345,4.168805989628456,4.246409488550677,4.224348105171973,4.244239851227988,4.206752744583264,4.1230801995634705,3.8016420902051595,3.544517831399804,3.676676345432837,3.793370871739451
0.0,0.0,0.0,0.28129077625963084,1.3778506763475098,0.30018953407813104,0.9718820097755413,1.2383172471735193,1.3616987563775944,1.6662037515055523,2.120160297334566,2.4603815065693357,2.4424256586976876,2.550339901202142,2.6627877382381384,2.890617382939581,3.1259871583694108,3.3645533397614478,3.8125224550318224,4.4879649390702205,5.169595697769271,5.409947018821667,5.520477919065124,5.653545562302586,5.68242713903856,5.599287642603431,5.352208128215703,5.264056795671593,5.0324377615750695,4.856455460338975,4.817586084233685,4.657899746201341,4.557502752716293,4.509695563165689,4.4739003989724235,4.470220798473714,4.213262659126582,4.0878780251470825,3.9274743022778833,3.7068103252378206,3.938258516827474,4.121552084088761,4.226298950565075,4.315958075691357,4.534708999191893,4.988640137536992,5.052982353318,4.949086696766752,4.8683520323761025,4.52968340737195,4.485941437282476,4.16323298527579,4.120580826154525,4.171599842764936
0.0,0.0,0.0,-2.268399748548097,0.2994770737961216,1.1636149614510245,1.930718838704907,2.032092130687697,2.0474314084178533,2.3348864363029644,2.802093445961636,3.0214618128263897,2.9513829242712695,2.7354577396288335,2.8914355826939495,3.089018612905143,3.2137420113267052,3.3874470680175226,3.8685152953628634,4.610848164721832,5.338402232893723,5.653766323201469,5.728820329303816,5.882688246887313,5.941228048362659,5.813825024740286,5.548654006724964,5.27323678276353,5.057280249929454,4.92893828919844,4.748963693755896,4.41587463673139,4.413042066081686,4.379916890552099,4.306898381204489,4.280138825361826,3.991999358616038,3.899007496940936,3.5885319943831693,3.2466278673864113,3.3612259283438743,3.472047562490289,3.4473439384332902,3.48331755123302,3.615407331833629,4.048200030820149,4.2286624408703535,4.3726687647023805,4.2810096582055035,3.8348040719691623,3.693169041232457,3.438430578491072,3.557017825564928,3.629414476714183
0.0,0.0,0.0,-4.709181484688236,0.35968997904328515,2.139120698732621,3.0974713687252637,2.728097819722161,2.648482934742043,2.8492939980423597,3.2092988875083592,3.3194608548141136,3.150001151717799,2.857807541752525,3.0418648877446537,3.3235602081552322,3.3993466471865483,3.5819623393325672,3.9310712407126376,4.534859308409808,5.275706355243759,5.565250811653611,5.624004039731519,5.773205907188803,5.906624101095212,5.850883828629575,5.57443283492937,5.262281180991961,4.943250999378626,4.838689404360245,4.6105824690221295,4.299740376384693,4.234237400142809,4.365601933569362,4.312812907239951,4.249990323233679,3.881749578987108,3.7707424211412746,3.458535788498621,3.072904055254846,3.2419866305754605,3.4291380496469714,3.4767332274689826,3.4563205243367516,3.4547598317938526,4.076378553401257,4.101533976548139,4.27134599890966,4.263928296441565,3.5353659691326507,3.286363498560528,3.046432544833949,3.327833349885319,3.446964260272372
0.0,0.0,0.0,-5.413588750887485,1.806774928491726,3.111661647574068,3.6255144746948256,3.0966975077503025,2.8265808624314093,2.9508141604336724,3.2651344565528433,3.4197638624835127,3.2158899555333704,2.973556670782054,3.2163969424473198,3.570801586396677,3.631580029594387,3.743972375448339,4.051832459021029,4.422624749020756,5.2240013120281645,5.596988059887962,5.5773968648440855,5.794966823556026,5.943384202662001,5.878017461004846,5.632612214242839,5.148623513633305,4.729286749281095,4.608670787415002,4.406023038320544,4.023641912392755,4.034395156667427,4.187508131812126,4.477313106927868,4.342317619863126,4.276580467200654,4.077076949075185,3.6665830155779977,3.288396912072129,3.1435774566080887,2.947236819172483,2.9059763526069418,2.9077968263614586,3.1215302641405924,3.474037492208988,3.4360630855682643,4.237756164186774,4.5522572205203975,3.7013344455929436,3.430307100316211,3.1403643586616012,3.3872480540180017,3.3900973584877447
0.0,0.0,0.0,0.0,2.7028288196250876,4.544491395520686,4.012578069123199,3.2321097244803387,2.886995747101926,3.002782005558559,3.394130911339097,3.604016441497075,3.36041033483642,3.1411608516039142,3.5582168393819504,3.895981055833286,3.827283551370305,3.7426398442645796,4.053238659099455,4.420075685560721,4.827148161319454,5.060105326454411,4.963888859881222,5.387585937325868,5.606565105877964,5.5701490070297925,5.325627332754276,4.761112073890858,4.431594140148305,4.292896486599872,4.038619475479578,3.7450234302869183,3.765829406242041,3.709389320815864,4.117969009348489,4.533476177255743,4.307239577428373,4.03501627875297,3.7210250296755194,3.429995328489472,3.191639282864012,3.0077202199635975,2.8334225507365716,2.802381119146088,2.9423031320360025,3.377983582192936,3.3200962753783108,3.8029922536174574,3.6854262297431237,3.948843679855469,3.2416166537641438,3.1375552917457528,3.5049818892973863,3.255702088549639
0.0,0.0,0.0,0.0,1.4346919096573052,3.8575758977333896,3.995161989629733,3.2920724170799947,2.9582733048836407,3.247817322688,3.5844695607249593,3.810499586038414,3.8071275329218834,3.6058873984595166,3.861038614475048,4.180111106573774,4.019028181358549,3.7425817446816163,3.903305073093985,4.190105141674584,4.4966058068262855,4.562285044766295,4.532691006266571,4.794797818254603,5.12810175262452,5.157091380146083,4.926307661766161,4.209363099379276,3.850608189039826,3.7449277344944467,3.581045924834304,3.4189188064808707,3.5781780232986775,3.7802245659493483,4.231506259534648,4.665049875055337,4.873265131563229,4.679606853618293,4.28024447030822,3.931670894907292,3.3882637791750065,3.132337776800241,2.8645785547677276,2.8086344274293626,2.7720176319948684,3.0555778788247228,3.0463476236921334,3.2066665799985987,3.0888619377598947,3.1448843261167374,2.180015773262221,1.55949868245994,1.3620333944070835,0.8184841453869552
0.0,0.0,0.0,0.0,-0.6226760277771952,3.469363158293306,3.906939644765804,3.373829973290125,3.25948245430163,3.565965500392897,3.9237575154663795,4.196633571453468,4.361340671253999,4.03885824903784,4.2195510166062435,4.496004162355919,4.235173266777001,3.8067161924707094,3.7878810882450025,3.9967420461429084,4.424275677964847,4.5245273062349485,4.455939028492093,4.739869695566155,5.152767101497983,5.163288632727508,4.910719263842933,4.08338479155674,3.5652793741421975,3.4179147438769086,3.328994919072568,3.2691572796454484,3.3837272082420715,3.712083567622574,4.232253278315409,4.6907617538102935,5.073077536848488,4.609216824934458,4.544083355931549,4.475814435343857,3.8246952581259483,3.625277143456896,3.30281143510259,3.413448198559672,3.354176114137558,3.3821519282360235,3.471193873690985,3.5548339148422157,3.238643283469206,3.2989609678854244,2.570665828872216,1.92547771841188,0.8037654526450025,0.35007781534942234
0.0,0.0,0.0,0.0,-2.1401623066585085,3.821104624692334,4.57404076125655,3.7594102679037475,3.6006830580717937,4.085284525512714,4.478409836116679,4.691118421210639,4.741594376786437,4.431737202589761,4.556213966348876,4.724882566415909,4.30826567477294,3.7898664428628983,3.666183605267028,3.9278152788378695,4.449039542063741,4.445016341102498,4.465243802396787,4.8314160656300595,5.030447665630626,4.999850607400637,4.569925687349562,3.6336921935480735,3.0004826743523547,2.9897327443892863,3.010766072896253,3.261783817004225,3.6689152867162034,4.112420886276094,4.796719706078148,5.098997751668327,4.766022470059425,3.948713597620404,4.143476888355895,4.07599597513426,3.7337040275045212,3.6943172166457185,3.2789380885599426,3.3702293553386853,3.1895149408978467,2.941647136167135,3.040533687678385,3.1572742662394555,3.0521467346385562,2.9222074500953235,2.3221621860152175,1.9201682497609798,1.3247183990741365,0.6673186756986192
0.0,0.0,0.0,0.0,-2.758603393838704,3.2336618139633755,4.372027011831356,3.735685996389544,3.7218699735665135,4.415449366954415,4.814628827585594,4.926065820556659,4.947123181817123,4.776122270402161,4.93627468505227,5.012647224498507,4.514043653880455,3.8117777596635296,3.632302681979263,3.813955736775269,4.284991158750344,4.28637924313924,4.402122548868267,4.861021608278279,4.9196830527684,4.9667494528522695,4.430955790253359,3.406339209954291,2.5693153538281877,2.5195024905429593,2.557313075079906,2.781880487051244,3.492429008613274,4.058055534058081,4.833444784901442,4.95430408811227,4.470156333598972,3.486118299819225,4.2119729458635184,4.242510124830803,3.724235843132156,3.6476320985597073,3.5713132394850033,3.6369920656195136,3.3436006692668547,2.9116742627873187,2.867932297654742,2.908072880733129,3.0013637244843405,3.266949020382202,2.9258937817490365,2.781918626947948,2.58391630954258,2.6413153256611515
0.0,0.0,0.0,0.0,0.0,0.6141748699037426,2.3517967806933444,2.250749929541805,2.6781545187269082,3.919916591320825,4.378085437823939,4.562877942678938,4.694030035715429,5.10122529772662,5.155222571854334,5.1162746621477195,4.540259764364274,3.834233860555044,3.654917279324099,3.6982802560380814,4.166460860697093,4.288758613315076,4.554351285312756,4.941202006690737,5.029191744021591,5.081468817189871,4.668057952409594,3.436516047477856,2.305680296412313,2.032810469253774,2.2724030676780775,3.058299760015328,3.811075068349678,4.468830904319073,5.06463342418015,5.185770121817129,4.613742039968986,3.501279190562882,4.408608766196036,4.222508072732134,4.0835806464477375,4.090844585384557,4.077560692337779,4.11446293798733,3.840514015928934,3.0281689922983586,3.1058034839145985,3.2002674945454688,3.560194018643227,3.7055009067685565,4.304046455315609,4.445777284828513,4.385104624518765,4.464329284936496
0.0,0.0,0.0,0.0,0.0,-0.994143098201766,1.0354999124639697,1.2235114849971989,1.9786866433677486,3.6802983859528036,4.121892503400381,4.492782791088037,4.7088418637818386,5.3073873477160864,5.559813833693759,5.586985304795357,4.891106608656226,4.136533312944769,3.9572331643082794,3.6969970277072117,4.109209909527758,4.375264353369912,4.581968899139998,4.809669858559583,4.93307273348979,4.951666139629275,4.579676990402017,3.5442465572616726,2.1678252501148614,2.0805945831252313,2.0816891138624007,3.073668885094978,3.7586242672833174,4.37012955666094,4.9207932042962925,5.098492496648733,4.78362902738257,3.76093548674697,3.9268369428808008,3.400151238983348,3.196493330971458,4.213013381613169,4.545250906118939,4.619722928461851,4.024885064344006,2.7494864921646522,2.9144251718218452,2.8733524379200546,3.7062599134643177,4.230644688101851,4.492878257598766,5.047519789810727,5.700674516660113,6.661211811373323
0.0,0.0,0.0,0.0,0.0,-1.8289995913959274,0.6392281199867463,1.0138299231352472,2.2427245529379833,4.006850886840776,4.600863661604949,5.026939719131444,5.189846371890063,5.899150523066457,6.081107067547188,5.860509030968767,5.174848371820235,4.390347848148126,4.0007220802469705,3.834639982625843,4.14889846323157,4.467601213429602,4.824425319175165,4.928982287094178,4.815876224571745,4.9738498310710195,4.52504060202532,3.62995735891744,2.3332321335473982,2.2984071795146503,2.0040295230815137,2.792153686688589,3.4406037847462714,3.878282462634124,4.620268988644193,4.875190750471259,5.025309812644888,4.537891387334683,4.627348981848843,3.830314343132285,3.566336919266788,5.440069949894201,6.148077771309837,6.35280048868293,6.214151389082947,3.826405786067981,3.3301400167171793,3.1210293328179692,3.6318038243764645,3.7949216589127093,4.0019305674529875,3.9503547670592916,4.35735001527867,4.621970470188926
0.0,0.0,0.0,0.0,0.0,-3.821701573962759,-0.28224719899428696,0.7929154623492166,2.6743244584748216,4.343990519132724,5.062448291397642,5.418272849957448,5.439735074354101,6.183070017163036,6.137432580809224,5.824678629507434,5.24343076429553,4.371847379049537,4.041405060112773,3.877515601237607,4.143284388804732,4.3541159184288905,4.668254071323969,4.790189242887216,4.578483173932622,4.8280721038752,4.371000710252664,3.631827422218668,2.6076873567183276,2.661627022524347,2.819384414978459,3.0106592362821414,4.159196848228531,4.296656641577348,5.091651618184693,4.825778765973467,5.327061420733637,5.143527865448338,5.365228626910774,5.106876277285676,3.3044329642725234,6.008983862940868,6.8404964308987495,7.050012250899398,6.899509678277019,5.844823705336936,6.041085827203036,4.8106938844513145,4.748403523839454,4.748963266133254,4.935359961789406,4.743753653699021,4.953260196254675,4.610781075441641
0.0,0.0,0.0,0.0,0.0,0.0,-1.568352053669628,0.29233333269865763,2.2693568375732966,4.190470550644247,5.104033111608337,5.321477321562281,5.364055268413754,6.361116161834074,6.084130823699326,5.999089164864591,5.196602160021352,4.341846352145373,3.9642029424351666,3.6698612213102884,3.604816781071649,3.800630815485513,4.04874447785313,4.160387947581273,4.452812285510381,4.520628835062581,4.203847633249842,3.5194165828708837,2.3845864655424682,2.563361937069203,2.9361232939104283,2.789089760147881,3.3628951103654794,2.5919305697886386,3.7103112576775867,3.6103533060772643,4.707513653372861,4.952368668352736,5.333413698334322,5.7176903415312985,3.8724419231293976,6.320387913814683,7.3457271785677225,7.446395866930983,7.24826060115352,6.016743350932229,6.22536536886006,6.039611720380591,4.154701872298373,4.17912529309205,4.621170212893858,4.381386173302305,4.750074154684785,3.943028300659034
0.0,0.0,0.0,0.0,0.0,0.0,-2.30448164757195,0.5204108385312219,2.0588153688390207,4.164344904581464,4.917668252342067,4.996095188690962,4.926178158276968,6.016330839148698,5.435665586795558,5.541398197521665,5.225142405287563,4.590915602519348,4.287500912006023,3.8307611011457157,3.6635901955800314,3.5196376951503665,3.718902775457693,3.946543363733119,4.067609616416369,4.2585609018769395,4.18857675485356,3.568051022676213,2.273163862233999,2.470657866127648,2.637958122653577,2.1816449199090546,2.498996761202262,1.4797439240945822,1.6862203127550144,1.5224978358001813,3.3070747327691907,4.569446955324538,4.891751261478492,6.072647068709133,3.7501465285674427,0.0,8.137001528308812,7.724922811391941,7.447005738976148,5.899816103005507,6.115428995231864,5.969387956446024,3.8875348795398015,0.5891396928294741,-2.8828391348591462,0.6182603433641958,2.5769404340417887,2.166415191899382
0.0,0.0,0.0,0.0,0.0,0.0,-3.668717965032634,-0.0281581979673599,1.1644356144430217,3.5119502636250015,4.1766316735924764,4.360184903042842,4.507909852323282,5.581228428114815,5.095584267387111,5.470623504009791,5.422504704270213,4.848762220601136,4.570799512480441,3.8615001317540063,3.617143574425398,3.4084482518117674,3.372745572602546,3.7787937898646553,3.797580094630353,4.13062076798887,4.136433561275574,3.44719495109614,2.330318087216525,2.7749942977345468,2.9139163175651475,2.0494796134972,2.037082991982475,0.7781621171346644,0.44460356494574776,0.4745148898380086,2.7605910000336484,4.600275654424136,4.887329781228095,5.483674333889785,4.600089986142111,0.0,0.0,9.575131076841458,8.091652625392534,5.937063263996417,6.06555067891932,5.834589752931181,3.4198654346293456,-0.11365229590089398,0.0,0.0,0.0,-3.1505066148799985
0.0,0.0,0.0,0.0,0.0,0.0,-5.381360655997953,-1.0660021674219065,0.13657193632752393,2.7124839214970544,3.2309971387476635,3.6491477543918625,3.807505921207621,4.870086949100591,4.408756699633499,5.123362773929254,5.181545504747984,4.881889755704293,4.534303361538461,3.792165693871494,3.628023140218585,3.1333722255104175,2.646304884404977,3.0428170823699423,3.119457596541907,3.5371018158809666,3.7798813024138003,3.6159196934677835,2.428488841923403,2.9682573278813074,2.8852322337245306,2.0130353900435147,2.0109573823612847,0.8685030307355546,0.3749824363873944,-0.09472190853059934,-0.4408002591076143,-1.318354403248415,0.8033569558500251,1.8871398025518937,-0.6505341999968874,0.0,0.0,0.0,13.877333865292432,0.0,7.070815219159136,6.580771452932916,0.0,0.0,0.0,0.0,0.0,0.0
0.0,0.0,0.0,0.0,0.0,0.0,-5.156844567260046,-1.4894538703525226,0.0980805944282254,2.500556579207104,2.8837549345382834,3.396290873705157,3.4379935318428987,4.57470247311501,3.9758107057463756,4.7898621032975,4.725218679365479,4.680779059434823,4.300199544965337,3.461149370952699,3.39885227008252,2.9669170365893267,2.7542427672040155,2.5595316081311186,2.4770350553176286,2.9457307435520277,3.3535230435716548,3.6722829647168873,2.5417476076598593,2.753946671306396,2.882126187693385,2.0849885808888335,2.0099200214404096,1.262697725381322,0.4799118272108325,0.04323303960642096,-1.5935079707018311,-3.0191711923894395,-6.606534321236853,-2.3359102686917863,-3.3009768643445256,0.0,0.0,0.0,13.532341293251593,0.0,0.0,0.0,0.0,0.0,0.0,0.0,0.0,0.0
0.0,0.0,0.0,0.0,0.0,0.0,-1.1310672433789553,-0.02819735471751823,1.5897093935686404,2.946882801108554,3.3698912427904673,3.728163809242811,3.5843219887037385,4.513159160354472,3.824314560515168,4.7161598534386275,4.318163795178005,4.792196810527698,4.294035848913082,3.2417212452283586,2.99573384057714,2.7048217264669385,2.298598489484854,1.949665977877405,1.2911843351285865,1.9319878426876285,2.823512727620324,3.363870367424237,2.5296881890583838,2.7408465986023383,3.693925973016258,3.0769776429322753,2.7012804715551857,2.4886929490019494,1.9945050677676501,1.275670392123824,0.014293586875064537,-2.908843861905773,-5.380056230413673,0.0,0.0,0.0,0.0,0.0,0.0,0.0,0.0,0.0,0.0,0.0,0.0,0.0,0.0,0.0
