nc_test.json
{"header": {"parameterUnit": "m.s-1", "parameterNumber": 2, "dx": 0.0028076171875, "dy": 0.002254486083984375, "parameterNumberName": "eastward_wind", "la1": 37.11452102661133, "la2": 36.93655776977539, "parameterCategory": 2, "lo2": -76.23042297363281, "nx": 80, "ny": 80, "refTime": "2017-02-01 23:00:00", "lo1": -76.45238494873047}, "data":
[rows 23 to 45 of 80, columns 0 to 51 of 80]
0.06810441613197327,0.12395274639129639,1.304874062538147,-0.6351720690727234,-4.091017246246338,-5.240704536437988,-6.153048515319824,-6.371538162231445,-5.994590759277344,-5.7746782302856445,-5.720694541931152,-5.716264724731445,-5.882480144500732,-6.323625087738037,-6.980690956115723,-7.921752452850342,-8.70397663116455,-9.211621284484863,-9.02912712097168,-7.506132125854492,-6.205343246459961,-5.538022994995117,-4.068798065185547,-3.0241241455078125,-2.3190224170684814,-1.107247233390808,0.25585266947746277,1.2854225635528564,1.383709192276001,1.536925196647644,-0.07839775830507278,-1.6889370679855347,-4.093245983123779,-6.380006313323975,-7.97255277633667,-8.747779846191406,-8.092168807983398,-7.185052394866943,-5.760553359985352,-4.386551856994629,-2.219853639602661,-1.272098422050476,-1.4664604663848877,-2.050844192504883,-2.368299961090088,-2.971879720687866,-3.3878633975982666,-3.9108803272247314,-4.222013473510742,-4.100262641906738,-4.133114814758301,-4.551445007324219
-4.173323154449463,-3.06658935546875,-1.924875259399414,-2.4589617252349854,-4.333742141723633,-5.209583282470703,-5.97080659866333,-6.081655025482178,-6.089759349822998,-5.724320888519287,-5.420782566070557,-5.586531162261963,-5.90338659286499,-6.196581840515137,-6.8258233070373535,-7.7400360107421875,-8.43585205078125,-8.871953010559082,-9.148902893066406,-8.222850799560547,-6.68272066116333,-5.860334396362305,-4.384602069854736,-3.2551839351654053,-2.5520401000976562,-1.3079001903533936,-0.2258075773715973,0.7096242308616638,0.8191470503807068,1.0678576231002808,0.06744938343763351,-0.9536424279212952,-2.985351800918579,-5.1582417488098145,-6.66151237487793,-9.726107597351074,-10.83488941192627,-9.068238258361816,-6.723038673400879,-3.9046707153320312,-1.8555468320846558,-0.5412359833717346,-0.527072012424469,-1.6380335092544556,-2.270358085632324,-2.438155174255371,-3.403637409210205,-4.142794609069824,-4.472391605377197,-4.354487419128418,-4.237703323364258,-4.542943954467773
-6.47845983505249,-5.503985404968262,-4.494826316833496,-4.907078742980957,-6.100160598754883,-6.431161880493164,-6.948455810546875,-6.983534812927246,-6.9275407791137695,-6.482965469360352,-6.180642604827881,-6.06576681137085,-6.156435966491699,-6.178736209869385,-6.7169952392578125,-7.507120609283447,-8.115376472473145,-8.522672653198242,-8.72836971282959,-8.21142864227295,-7.101150035858154,-6.276472091674805,-4.973074913024902,-3.7258968353271484,-3.0909454822540283,-1.871653437614441,-0.9076449871063232,-0.1021067202091217,0.06370772421360016,0.2742563784122467,-0.3469798266887665,-0.8446856737136841,-2.2911031246185303,-3.1493427753448486,-6.083052635192871,-8.296024322509766,-10.01231861114502,-10.035654067993164,-8.254364967346191,-5.381493091583252,-2.8576204776763916,-0.9007081985473633,-0.3077293038368225,-1.4184457063674927,-2.2562217712402344,-2.626873254776001,-4.219597339630127,-4.956461429595947,-4.510961055755615,-4.424517631530762,-4.270668983459473,-4.4811506271362305
-5.687725067138672,-4.782461166381836,-4.166721343994141,-4.454372406005859,-5.285746097564697,-5.824568748474121,-6.09603214263916,-6.424045085906982,-6.277731418609619,-6.118531227111816,-6.07291316986084,-6.01621150970459,-5.904559135437012,-5.756825923919678,-6.242849826812744,-6.969025611877441,-7.697560787200928,-8.262272834777832,-8.439183235168457,-8.133484840393066,-7.4720611572265625,-6.86962890625,-5.818994998931885,-4.865303993225098,-3.9882357120513916,-2.7135403156280518,-1.7599380016326904,-0.9972372055053711,-0.8177450299263,-0.5169861912727356,-0.9207728505134583,-0.33117324113845825,-0.41696470975875854,-1.542323112487793,-4.054195404052734,-6.716254234313965,-8.785918235778809,-9.86626148223877,-9.3224458694458,-6.888015270233154,-4.148437023162842,-1.7889240980148315,-0.6105198264122009,-1.2272582054138184,-1.9404305219650269,-2.4657175540924072,-3.9383699893951416,-4.761919975280762,-4.77353572845459,-4.340456485748291,-4.362850666046143,-4.542078018188477
-5.802847385406494,-4.423448085784912,-3.9184682369232178,-4.1114583015441895,-4.86430025100708,-5.389091968536377,-5.823742866516113,-5.979907035827637,-5.982850074768066,-5.987895488739014,-5.933892250061035,-5.889951229095459,-5.604470729827881,-5.368203639984131,-5.783559322357178,-6.495821475982666,-7.070026397705078,-7.7413554191589355,-8.09577465057373,-7.993316650390625,-7.564622402191162,-7.175531387329102,-6.40163516998291,-5.479357719421387,-4.644830703735352,-3.602307081222534,-2.6331393718719482,-1.7825939655303955,-1.5636132955551147,-1.2609468698501587,-1.1449154615402222,-1.297153353691101,-0.6382810473442078,-0.8128403425216675,-2.480198383331299,-4.810643196105957,-7.183478832244873,-9.058259010314941,-9.681293487548828,-8.095612525939941,-5.411892414093018,-2.8436315059661865,-1.1761767864227295,-1.1005584001541138,-1.7238703966140747,-2.4785890579223633,-3.8512463569641113,-4.657472610473633,-4.686661720275879,-4.331875801086426,-4.437958717346191,-4.53050422668457
-6.4647369384765625,-5.574134349822998,-4.937903881072998,-4.905412673950195,-5.289187908172607,-5.776162624359131,-6.308069705963135,-6.606496810913086,-6.5630269050598145,-6.476092338562012,-6.287059307098389,-6.171685218811035,-5.863855361938477,-5.564841270446777,-5.849421501159668,-6.449715614318848,-6.7813897132873535,-7.283471584320068,-7.79230260848999,-7.902785301208496,-7.644425868988037,-7.373908519744873,-6.739251613616943,-6.032805919647217,-5.125272274017334,-4.133054256439209,-3.4085867404937744,-2.7099976539611816,-2.2928380966186523,-2.3524467945098877,-2.1879677772521973,-2.2292752265930176,-1.449123501777649,-1.0545212030410767,-1.6862900257110596,-3.389402151107788,-5.358449459075928,-7.594721794128418,-8.863011360168457,-8.409090042114258,-6.403231143951416,-3.8958652019500732,-2.1804256439208984,-1.6007288694381714,-1.841936469078064,-2.4211652278900146,-3.5130832195281982,-4.166755676269531,-4.435243129730225,-4.3928680419921875,-4.564671993255615,-4.629672527313232
-6.474215507507324,-5.7976202964782715,-5.316113471984863,-5.151684284210205,-5.396401882171631,-5.834662914276123,-6.382575988769531,-6.724339485168457,-6.773202419281006,-6.713475227355957,-6.480759620666504,-6.3443403244018555,-6.087777137756348,-5.72571325302124,-5.779034614562988,-6.183561325073242,-6.406576156616211,-6.699751377105713,-7.222413063049316,-7.533452987670898,-7.351088047027588,-7.178955554962158,-6.679705619812012,-6.111295700073242,-5.350805282592773,-4.494719505310059,-3.768726110458374,-3.2344040870666504,-2.320542812347412,-2.741734027862549,-3.0686495304107666,-2.930185556411743,-2.20941162109375,-1.6125261783599854,-1.332094430923462,-2.4212019443511963,-3.8596596717834473,-5.981959819793701,-7.753308296203613,-8.099562644958496,-6.970724582672119,-4.809032917022705,-3.094265937805176,-2.218775987625122,-2.035022258758545,-2.3241519927978516,-3.251404047012329,-3.985201358795166,-4.487029075622559,-4.6499481201171875,-4.825735569000244,-4.858366012573242
-6.488307952880859,-5.712532997131348,-5.134288311004639,-4.934003829956055,-5.053500175476074,-5.488809585571289,-5.872313976287842,-6.2981438636779785,-6.463385105133057,-6.393430233001709,-6.361034870147705,-6.390654563903809,-6.108415603637695,-5.74940824508667,-5.648827075958252,-5.963796615600586,-6.085601806640625,-6.187011241912842,-6.553549289703369,-6.971780776977539,-6.8521881103515625,-6.703302383422852,-6.3964619636535645,-5.913175582885742,-5.311638355255127,-4.531391620635986,-3.878161668777466,-3.319596767425537,-2.9806480407714844,-3.000262498855591,-3.495391845703125,-3.6059584617614746,-3.0139760971069336,-2.353905439376831,-1.681280493736267,-1.9716687202453613,-3.1054346561431885,-4.801478862762451,-6.39719820022583,-7.495303630828857,-7.126336574554443,-5.4141716957092285,-3.812690258026123,-2.8642802238464355,-2.3740885257720947,-2.3867580890655518,-3.214641571044922,-3.886331081390381,-4.32264518737793,-4.596431255340576,-4.743417739868164,-4.832536220550537
-4.957248687744141,-4.642312049865723,-4.50451135635376,-4.469330310821533,-4.562204837799072,-4.862780570983887,-5.368438243865967,-5.874056816101074,-6.085124492645264,-6.241172790527344,-6.231937408447266,-6.212303161621094,-6.105207920074463,-5.888511657714844,-5.757173538208008,-5.769278526306152,-5.821540355682373,-5.950514793395996,-6.23513126373291,-6.664254188537598,-6.754312038421631,-6.605142593383789,-6.276379108428955,-5.89485502243042,-5.363330364227295,-4.657647609710693,-4.053462982177734,-3.5159482955932617,-3.3927161693573,-3.1750104427337646,-3.6702349185943604,-3.8381245136260986,-3.629379987716675,-3.082200288772583,-2.2789306640625,-2.2439098358154297,-2.700719118118286,-3.8170483112335205,-5.030778408050537,-6.240331649780273,-6.549997329711914,-5.437110900878906,-4.326225280761719,-3.407867431640625,-2.8567774295806885,-2.7442209720611572,-3.277157783508301,-3.813631057739258,-4.14975118637085,-4.521028518676758,-4.568660259246826,-4.658209323883057
-4.957248687744141,-4.559754371643066,-4.057526588439941,-3.9537296295166016,-4.119542598724365,-4.588299751281738,-5.189136028289795,-5.641977787017822,-5.885551452636719,-6.082743167877197,-6.109466075897217,-6.0804314613342285,-6.068850040435791,-5.96306037902832,-5.808028221130371,-5.709360122680664,-5.725744247436523,-5.746760368347168,-5.855654239654541,-6.086484432220459,-6.299286365509033,-6.2727251052856445,-6.054597854614258,-5.774654388427734,-5.343406677246094,-4.769111633300781,-3.993804454803467,-3.3243582248687744,-3.304098129272461,-3.3263909816741943,-3.675201654434204,-4.103120803833008,-4.28549337387085,-3.8992056846618652,-3.162468910217285,-2.8677139282226562,-2.8086721897125244,-1.6997827291488647,-4.462922096252441,-6.884438514709473,-6.97003698348999,-6.163902759552002,-4.44476842880249,-3.090055465698242,-3.228910446166992,-3.0713346004486084,-3.447423219680786,-3.857752799987793,-4.168367385864258,-4.456971645355225,-4.503998279571533,-4.484735488891602
-6.78684663772583,-6.3887939453125,-5.828869342803955,-5.459261417388916,-5.226418972015381,-5.146831512451172,-5.233443737030029,-5.403740882873535,-5.595778465270996,-5.744248390197754,-5.76641321182251,-5.923640251159668,-6.073111057281494,-6.116578102111816,-6.028286457061768,-5.918853282928467,-5.796870708465576,-5.734396457672119,-5.7732391357421875,-5.846312046051025,-5.878427028656006,-5.843864917755127,-5.687512397766113,-5.41664457321167,-5.110284328460693,-4.70378303527832,-4.276721954345703,-3.470635414123535,-3.1886065006256104,-3.2556557655334473,-3.563173294067383,-3.9264206886291504,-4.308833599090576,-4.302623748779297,-3.8746883869171143,-2.8261044025421143,-1.837078332901001,-1.5341777801513672,-2.7158915996551514,-4.745795726776123,-5.532110691070557,-5.557750225067139,-4.745175838470459,-3.498075246810913,-3.0812714099884033,-3.430172920227051,-3.5352163314819336,-3.886911153793335,-4.143558502197266,-4.339921951293945,-4.359781265258789,-4.353616237640381
-7.222883224487305,-6.95136833190918,-6.406460285186768,-5.977680683135986,-5.749046802520752,-5.603748798370361,-5.6053466796875,-5.711395740509033,-5.833802223205566,-5.901899814605713,-5.871261119842529,-5.875993728637695,-5.958522319793701,-5.981307029724121,-5.923591136932373,-5.806783199310303,-5.648685455322266,-5.542858600616455,-5.56158971786499,-5.616307735443115,-5.572290897369385,-5.535287857055664,-5.460104942321777,-5.300939559936523,-5.056527614593506,-4.793270587921143,-4.375694274902344,-3.7780299186706543,-3.425790548324585,-3.3637545108795166,-3.6752169132232666,-3.92867374420166,-4.3726983070373535,-4.566071033477783,-5.528773307800293,-4.1292033195495605,-3.0063226222991943,-2.0325896739959717,-1.9367194175720215,-3.178501605987549,-4.119363307952881,-4.627684593200684,-4.561610698699951,-3.648303747177124,-3.130244255065918,-3.2513959407806396,-3.6004185676574707,-3.6483066082000732,-3.9227259159088135,-4.118051052093506,-4.202115535736084,-4.2508769035339355
-7.364039421081543,-7.309787750244141,-7.08695125579834,-6.864315509796143,-6.675730228424072,-6.485774040222168,-6.324417591094971,-6.201168060302734,-6.091856956481934,-6.082663059234619,-6.022656440734863,-5.945889472961426,-5.962762832641602,-5.920032501220703,-5.838054656982422,-5.772453784942627,-5.699678421020508,-5.554123401641846,-5.444493293762207,-5.442196846008301,-5.428854465484619,-5.337370872497559,-5.245998382568359,-5.07998514175415,-4.882484436035156,-4.9485321044921875,-4.607251167297363,-4.131649971008301,-3.8105533123016357,-3.67803955078125,-3.8591418266296387,-4.117161273956299,-4.534424304962158,-4.779664039611816,-5.551750183105469,-4.886497497558594,-4.061476707458496,-2.968637704849243,-2.326026201248169,-2.6427886486053467,-3.2160823345184326,-3.883807897567749,-3.991776943206787,-3.359246253967285,-2.884079694747925,-2.8147923946380615,-3.1492559909820557,-3.3379764556884766,-3.6072335243225098,-3.8380722999572754,-3.9946773052215576,-4.069343566894531
-7.0327630043029785,-7.035228729248047,-6.937971591949463,-6.7726593017578125,-6.644086837768555,-6.453635215759277,-6.316355228424072,-6.15756368637085,-6.05758810043335,-6.017280101776123,-5.990823268890381,-5.947642803192139,-5.931503772735596,-5.936485767364502,-5.908897399902344,-5.840492248535156,-5.757508754730225,-5.638185501098633,-5.493833541870117,-5.449499130249023,-5.405651569366455,-5.334791660308838,-5.232677936553955,-5.059728145599365,-4.8867387771606445,-4.845856189727783,-4.602392196655273,-4.24958610534668,-3.9232254028320312,-3.8079113960266113,-3.8259572982788086,-4.028975963592529,-4.430501461029053,-4.844380855560303,-5.494491100311279,-5.255631923675537,-4.845236301422119,-3.7958078384399414,-2.82527756690979,-2.6598060131073,-2.809329032897949,-3.3533222675323486,-3.6182377338409424,-3.1373488903045654,-2.7591519355773926,-2.577117681503296,-2.77652645111084,-3.083599090576172,-3.3697562217712402,-3.672147750854492,-3.9326059818267822,-4.117554664611816
-7.042852401733398,-7.082735538482666,-7.004716396331787,-6.858972072601318,-6.728122234344482,-6.537197113037109,-6.396402835845947,-6.228000640869141,-6.112819671630859,-6.036362648010254,-5.991069316864014,-5.924737453460693,-5.90342903137207,-5.946725845336914,-5.954726696014404,-5.908650875091553,-5.821609973907471,-5.6581292152404785,-5.488936901092529,-5.467881202697754,-5.441978454589844,-5.368297576904297,-5.245183944702148,-5.09194278717041,-4.925137996673584,-4.796710014343262,-4.618219375610352,-4.393581867218018,-4.119771480560303,-3.9386308193206787,-3.9365618228912354,-4.100715160369873,-4.382899761199951,-4.519100666046143,-5.121119976043701,-5.241532802581787,-4.879188060760498,-4.126552581787109,-3.261218547821045,-2.9445343017578125,-2.87334942817688,-2.9728424549102783,-3.4991750717163086,-3.194485664367676,-2.957712173461914,-2.6606688499450684,-2.6454460620880127,-2.792146921157837,-3.3363842964172363,-3.6123669147491455,-3.9226877689361572,-4.182568550109863
-7.046501159667969,-7.148945331573486,-7.146393775939941,-7.014939785003662,-6.897518157958984,-6.664873123168945,-6.491328716278076,-6.281396389007568,-6.155532360076904,-6.049210071563721,-5.979757785797119,-5.89860725402832,-5.83254861831665,-5.871939659118652,-5.927458763122559,-5.921462059020996,-5.842872619628906,-5.654337406158447,-5.453108310699463,-5.4188737869262695,-5.430220603942871,-5.38241720199585,-5.255301475524902,-5.078649997711182,-4.929121494293213,-4.819295406341553,-4.650585651397705,-4.436704635620117,-4.18350076675415,-3.969007968902588,-3.9713826179504395,-4.08808708190918,-4.301303863525391,-4.504699230194092,-4.979819297790527,-5.20365571975708,-4.924281597137451,-3.8685965538024902,-3.2362444400787354,-2.9994595050811768,-2.8800885677337646,-2.8614163398742676,-3.218797206878662,-3.198540449142456,-3.0434999465942383,-2.9274303913116455,-2.8101274967193604,-2.9078519344329834,-3.354384183883667,-3.579968214035034,-3.8736939430236816,-4.172642707824707
-7.135601043701172,-7.159811496734619,-7.124555587768555,-6.999058246612549,-6.883027076721191,-6.694016456604004,-6.526651859283447,-6.3438720703125,-6.218830108642578,-6.080677032470703,-6.031184196472168,-5.963070869445801,-5.855967998504639,-5.824583053588867,-5.8612141609191895,-5.913577556610107,-5.856374263763428,-5.653527736663818,-5.386186122894287,-5.316504955291748,-5.333845615386963,-5.331674575805664,-5.242138385772705,-5.0651750564575195,-4.9250969886779785,-4.727148056030273,-4.667807579040527,-4.499313831329346,-4.26189661026001,-4.073495864868164,-4.056427478790283,-4.144393444061279,-4.278733730316162,-4.497900009155273,-4.843832015991211,-5.1630473136901855,-5.0620903968811035,-3.9234886169433594,-3.300485849380493,-3.0875632762908936,-2.9777631759643555,-2.9731929302215576,-3.1759259700775146,-3.2473318576812744,-3.1485719680786133,-3.0917344093322754,-2.9496140480041504,-3.0404052734375,-3.394810199737549,-3.605503559112549,-3.8657515048980713,-4.149655342102051
-6.999591827392578,-7.013745307922363,-7.053830623626709,-6.972870826721191,-6.884184837341309,-6.705137252807617,-6.5608415603637695,-6.371902942657471,-6.236908435821533,-6.088828086853027,-6.020107746124268,-5.949459552764893,-5.860042095184326,-5.832240104675293,-5.830841064453125,-5.892380237579346,-5.898688793182373,-5.7466559410095215,-5.457732200622559,-5.3363752365112305,-5.31008243560791,-5.301792621612549,-5.190473556518555,-5.008084774017334,-4.836465835571289,-4.712126731872559,-4.595998287200928,-4.423330307006836,-4.254578590393066,-4.048299312591553,-4.064640522003174,-4.206943988800049,-4.295851707458496,-4.496554851531982,-4.812094688415527,-5.362131118774414,-5.142242908477783,-3.9280028343200684,-3.3493645191192627,-3.1942198276519775,-3.0992319583892822,-3.1237728595733643,-3.276859998703003,-3.333470582962036,-3.2218525409698486,-3.098029136657715,-2.972290277481079,-3.0226898193359375,-3.409298896789551,-3.615783214569092,-3.881497621536255,-4.153086185455322
-6.999591827392578,-7.013745307922363,-7.027254104614258,-6.953866958618164,-6.874122619628906,-6.713947772979736,-6.613587856292725,-6.421629428863525,-6.274845123291016,-6.142641067504883,-6.073431015014648,-5.980890274047852,-5.868448734283447,-5.817529678344727,-5.8057427406311035,-5.857367038726807,-5.912826061248779,-5.774256706237793,-5.492392063140869,-5.35754919052124,-5.316225051879883,-5.329042434692383,-5.228514194488525,-5.058231353759766,-4.836656093597412,-4.617040157318115,-4.536732196807861,-4.340819358825684,-4.2085065841674805,-4.025050163269043,-3.9804558753967285,-4.1383466720581055,-4.294687271118164,-4.547082901000977,-4.966418743133545,-5.282352924346924,-4.892524719238281,-3.806856632232666,-3.358109951019287,-3.2721009254455566,-3.206671714782715,-3.2560782432556152,-3.358166456222534,-3.333526611328125,-3.1880931854248047,-3.0142300128936768,-2.8395028114318848,-2.919070243835449,-3.333963394165039,-3.589949369430542,-3.89648175239563,-4.198117733001709
0.0,0.0,-6.932324409484863,-6.863117218017578,-6.788261890411377,-6.627813339233398,-6.538654804229736,-6.332467555999756,-6.208821773529053,-6.098428726196289,-6.056247234344482,-5.9971466064453125,-5.898130416870117,-5.8911333084106445,-5.91112756729126,-5.909379005432129,-5.956646919250488,-5.858973503112793,-5.552135944366455,-5.384454727172852,-5.294448375701904,-5.278328895568848,-5.183816432952881,-5.001474857330322,-4.778696537017822,-4.673753261566162,-4.603348731994629,-4.487480640411377,-4.352640628814697,-4.134209156036377,-4.098049640655518,-4.186427116394043,-4.33338737487793,-4.511368751525879,-4.929078102111816,-5.043000221252441,-4.782918453216553,-3.4322805404663086,-3.303375720977783,-3.338956594467163,-3.301724672317505,-3.3659212589263916,-3.4248173236846924,-3.1544830799102783,-2.90677809715271,-2.837249755859375,-2.6508243083953857,-2.8649885654449463,-3.2780303955078125,-3.6155378818511963,-4.037532806396484,-4.426248550415039
0.0,0.0,0.0,0.0,0.0,0.0,0.0,0.0,0.0,0.0,0.0,0.0,0.0,0.0,0.0,0.0,-5.988943576812744,-5.923727035522461,-5.641183853149414,-5.474839687347412,-5.383070468902588,-5.362777233123779,-5.250222206115723,-5.070812225341797,-4.8625168800354,0.0,0.0,0.0,0.0,0.0,0.0,0.0,-4.322929859161377,-4.79995584487915,0.0,0.0,0.0,-4.876316547393799,-3.972905397415161,-4.20060396194458,-4.132490158081055,-4.206601619720459,-4.036301612854004,-3.3443424701690674,-2.8686137199401855,-2.651341676712036,-2.3680665493011475,-2.8930251598358154,-3.2090559005737305,-3.679600715637207,-4.224628448486328,-4.74477481842041
0.0,0.0,0.0,0.0,0.0,0.0,0.0,0.0,0.0,0.0,0.0,0.0,0.0,0.0,0.0,0.0,0.0,0.0,0.0,0.0,0.0,0.0,0.0,0.0,0.0,0.0,0.0,0.0,0.0,0.0,0.0,0.0,0.0,0.0,0.0,0.0,0.0,-5.614761829376221,-3.8091657161712646,-4.401381015777588,-4.823205471038818,-5.033758640289307,-4.915875434875488,-4.081597805023193,-3.2981927394866943,-2.5033655166625977,-1.889466404914856,-2.5235273838043213,-2.8409879207611084,-3.521395206451416,-4.325698375701904,-5.0122551918029785
0.0,0.0,0.0,0.0,0.0,0.0,0.0,0.0,0.0,0.0,0.0,0.0,0.0,0.0,0.0,0.0,0.0,0.0,0.0,0.0,0.0,0.0,0.0,0.0,0.0,0.0,0.0,0.0,0.0,0.0,0.0,0.0,0.0,0.0,0.0,0.0,0.0,0.0,-1.5835241079330444,-2.8292622566223145,-4.988072872161865,-5.207093715667725,-5.254726409912109,-4.7856550216674805,-4.142823696136475,-2.9887101650238037,-2.6281394958496094,-2.2452080249786377,-2.3234732151031494,-3.019941806793213,-4.172235012054443,-5.264409065246582
