nc_test.json
{"header": {"parameterUnit": "m.s-1", "parameterNumber": 2, "dx": 0.0028076171875, "dy": 0.002254486083984375, "parameterNumberName": "eastward_wind", "la1": 37.11452102661133, "la2": 36.93655776977539, "parameterCategory": 2, "lo2": -76.23042297363281, "nx": 80, "ny": 80, "refTime": "2017-02-01 23:00:00", "lo1": -76.45238494873047}, "data":
[rows 0 to 22 of 80, columns 0 to 51 of 80]
0.0,0.0,0.0,0.0,0.0,0.0,0.0,0.0,0.0,0.0,0.0,0.0,0.0,11.589184761047363,13.757729530334473,8.7506103515625,4.751091003417969,8.471811294555664,5.9824137687683105,1.9395016431808472,2.100231409072876,0.7334398627281189,1.8726469278335571,-5.759425640106201,-10.476387023925781,-13.609618186950684,-10.564001083374023,-5.945875644683838,-0.2833590805530548,5.4850544929504395,7.283703327178955,7.555017948150635,9.08984661102295,5.199614524841309,3.719572067260742,0.6758756041526794,-3.4482901096343994,-7.829019546508789,-8.209935188293457,-11.85200309753418,-9.686284065246582,-8.146452903747559,-9.158236503601074,-5.642616271972656,-2.1375555992126465,-1.2143446207046509,0.7456285953521729,2.342501640319824,1.6434918642044067,3.0749287605285645,-1.278044581413269,-4.129399299621582
0.0,0.0,0.0,0.0,0.0,0.0,0.0,0.0,0.0,0.0,0.0,0.0,0.0,4.34913444519043,8.128867149353027,5.170285701751709,2.7561585903167725,5.533092021942139,6.928018569946289,3.699045181274414,3.4154860973358154,1.8868913650512695,3.257538080215454,-2.8961565494537354,-7.955448150634766,-11.307493209838867,-9.787945747375488,-7.067967414855957,-4.519506454467773,1.8036565780639648,6.650807857513428,7.476871013641357,9.014915466308594,6.012864589691162,3.9672067165374756,1.2009414434432983,-3.8089616298675537,-8.071732521057129,-8.3322114944458,-11.247526168823242,-9.080339431762695,-7.250201225280762,-7.935235023498535,-5.265594482421875,-2.6267154216766357,-1.921235203742981,0.16921283304691315,1.2169551849365234,0.6717110276222229,1.3461467027664185,-1.1528159379959106,-3.4666779041290283
0.0,0.0,0.0,0.0,0.0,0.0,0.0,0.0,0.0,0.0,0.0,0.0,-2.770920515060425,2.9150595664978027,7.00408411026001,5.0438432693481445,3.0863921642303467,5.513014316558838,6.674042224884033,5.622689723968506,4.32212495803833,2.3900959491729736,3.092444896697998,-2.3911893367767334,-7.187273025512695,-9.8976411819458,-9.384992599487305,-8.123407363891602,-6.422088623046875,-3.531351327896118,2.7792041301727295,7.0974249839782715,9.294257164001465,6.395018100738525,4.2555084228515625,1.547121524810791,-2.937375068664551,-7.755745887756348,-8.206843376159668,-10.547378540039062,-9.012720108032227,-6.917888641357422,-7.355792045593262,-5.28749942779541,-3.564030408859253,-3.0254464149475098,-1.0512487888336182,0.02441447041928768,-0.43116503953933716,0.7875503897666931,-0.7309718132019043,-2.545053482055664
0.0,0.0,0.0,0.0,0.0,0.0,0.0,0.0,0.0,0.0,0.0,0.0,1.7293184995651245,5.608729362487793,8.331192016601562,6.498092174530029,5.026828765869141,6.11958646774292,6.921857833862305,6.450199127197266,6.554671764373779,4.150764465332031,4.463707447052002,-0.8618165254592896,-6.349135398864746,-8.408283233642578,-9.406195640563965,-8.34463119506836,-7.484266757965088,-5.472476482391357,1.4644337892532349,5.949648857116699,8.411320686340332,6.4607133865356445,4.7932047843933105,2.1189472675323486,-1.5526562929153442,-5.378933906555176,-7.694228649139404,-10.077353477478027,-9.439562797546387,-7.196213722229004,-7.6000285148620605,-5.501013278961182,-3.6394145488739014,-2.7838189601898193,-0.8601369261741638,0.13466742634773254,-1.0138485431671143,0.15496712923049927,-0.8914286494255066,-3.3292431831359863
0.0,0.0,0.0,0.0,0.0,0.0,0.0,0.0,0.0,0.0,-1.8314770460128784,-0.8969518542289734,2.510277271270752,7.112483501434326,9.77139949798584,7.194906711578369,5.784059524536133,6.611038684844971,5.943054676055908,5.222256183624268,5.838077545166016,4.312257289886475,3.295238971710205,-0.04122639447450638,-5.716272830963135,-7.712335109710693,-8.471856117248535,-7.789474010467529,-7.591391563415527,-6.159592151641846,1.0158196687698364,5.243655204772949,7.53176736831665,6.245373725891113,4.666605472564697,2.470632314682007,-0.7747847437858582,-4.45376443862915,-7.541107654571533,-9.519660949707031,-9.038442611694336,-7.566246032714844,-7.868528366088867,-5.651068687438965,-3.2991271018981934,-2.1294589042663574,-0.22323736548423767,0.4877621531486511,-0.6468992829322815,0.039432819932699203,-0.8968203663825989,-3.494248628616333
0.0,0.0,0.0,0.0,0.0,0.0,0.0,0.0,0.0,-9.792182922363281,-8.611152648925781,-6.526363372802734,-3.5473148822784424,2.8477137088775635,8.619590759277344,6.508688926696777,5.3360748291015625,5.970286846160889,5.154606819152832,4.869380474090576,5.265789985656738,4.116826057434082,2.7449560165405273,-0.09989989548921585,-5.359070777893066,-7.5461554527282715,-8.489263534545898,-7.8439531326293945,-7.858953475952148,-6.594667911529541,-0.09604143351316452,4.301607131958008,7.073440074920654,6.1690497398376465,4.761543273925781,2.6115851402282715,-0.06964050233364105,-3.8088319301605225,-7.164488792419434,-8.990602493286133,-8.782068252563477,-7.666112899780273,-7.702415466308594,-5.5632171630859375,-3.0560719966888428,-1.3063161373138428,0.3259980082511902,0.895226776599884,-0.4518176019191742,0.1267252117395401,-0.7601540684700012,-3.0828192234039307
0.0,0.0,0.0,0.0,0.0,0.0,0.0,0.0,-16.86757469177246,-13.152849197387695,-11.561028480529785,-10.177411079406738,-7.707855224609375,-4.280679225921631,5.069530487060547,5.595206260681152,4.772101402282715,5.408306121826172,4.729074001312256,4.940300941467285,5.5738935470581055,4.759834289550781,3.5363597869873047,0.9047126173973083,-3.9983694553375244,-6.293553829193115,-8.303245544433594,-8.318662643432617,-8.226934432983398,-7.25630521774292,-1.6062970161437988,2.561528205871582,5.8538641929626465,5.949124813079834,5.01092529296875,2.7601799964904785,0.4961583912372589,-2.780785322189331,-6.449403762817383,-8.161849021911621,-8.695393562316895,-7.6145548820495605,-7.455491542816162,-5.162423133850098,-2.971538543701172,-0.9342662692070007,0.5364682078361511,0.8532837629318237,-0.3013725280761719,0.32222163677215576,-0.3577412962913513,-2.4183695316314697
0.0,0.0,0.0,0.0,0.0,0.0,0.0,0.0,-15.225218772888184,-12.709856986999512,-11.362902641296387,-10.233725547790527,-9.769694328308105,-7.600293159484863,-2.499600887298584,3.001485586166382,3.9048330783843994,4.6154303550720215,4.0013909339904785,4.147772312164307,4.896965026855469,4.579662322998047,4.067542552947998,2.0516765117645264,-2.2104761600494385,-4.954649448394775,-7.512973785400391,-8.616750717163086,-8.95702075958252,-8.314224243164062,-3.4220681190490723,1.0620169639587402,4.7664899826049805,5.712193012237549,5.113043785095215,3.4950106143951416,1.2005228996276855,-2.0107250213623047,-5.655324935913086,-7.278388023376465,-8.47823429107666,-7.618164539337158,-7.292637348175049,-5.381486415863037,-3.5031566619873047,-1.2357856035232544,0.20524545013904572,0.5800537467002869,-0.3674471378326416,0.10040511935949326,-0.7078837752342224,-2.2824649810791016
0.0,0.0,0.0,0.0,0.0,0.0,0.0,0.0,-15.25423526763916,-13.071148872375488,-12.318581581115723,-10.870168685913086,-11.054837226867676,-9.613712310791016,-6.018924713134766,-0.539096474647522,2.5417263507843018,3.685192823410034,3.2252187728881836,3.319765567779541,4.10358190536499,4.224090099334717,4.062297821044922,2.746715784072876,-1.063136100769043,-4.246114730834961,-6.906217098236084,-8.565179824829102,-9.266793251037598,-9.039673805236816,-5.317225456237793,-0.7229990363121033,3.6602704524993896,5.101929664611816,4.952441692352295,3.8665363788604736,1.7788808345794678,-1.6306990385055542,-4.968252658843994,-6.949228286743164,-8.161438941955566,-7.541614532470703,-7.305126190185547,-5.404131889343262,-3.739840507507324,-1.424470067024231,-0.15298782289028168,0.16081468760967255,-0.728651225566864,-0.41352251172065735,-1.2665207386016846,-2.740065574645996
0.0,0.0,0.0,0.0,0.0,0.0,0.0,-9.270161628723145,-15.498583793640137,-12.824198722839355,-11.420099258422852,-10.89017105102539,-11.167129516601562,-10.884724617004395,-7.5629754066467285,-3.8898990154266357,-0.13630181550979614,1.9812109470367432,2.1290879249572754,2.4174044132232666,3.482145309448242,3.9789724349975586,4.170226097106934,3.0215861797332764,-0.30408433079719543,-3.592341184616089,-6.775949001312256,-8.70016860961914,-10.091404914855957,-9.789813995361328,-7.076019287109375,-2.478066921234131,2.0822553634643555,4.322079658508301,4.658911228179932,3.8091235160827637,1.7376092672348022,-1.15193772315979,-4.3390913009643555,-6.442249774932861,-7.5887041091918945,-7.6969380378723145,-7.163803577423096,-5.342466354370117,-3.609531879425049,-1.2413320541381836,-0.034071337431669235,-0.039642274379730225,-0.8653997778892517,-1.1416667699813843,-2.2244913578033447,-3.308842420578003
0.0,0.0,0.0,0.0,0.0,-12.557663917541504,-9.016068458557129,-10.935518264770508,-15.943052291870117,-16.944602966308594,-13.061326026916504,-11.962410926818848,-12.171869277954102,-11.416847229003906,-8.660658836364746,-6.2691569328308105,-2.5892019271850586,0.2743491232395172,0.7099648118019104,1.23905348777771,2.385618209838867,3.5594470500946045,4.076746940612793,3.3490371704101562,0.585530161857605,-2.814810037612915,-6.240999221801758,-8.523128509521484,-10.78683853149414,-10.554281234741211,-8.511622428894043,-4.502923965454102,-0.02205536514520645,2.990605115890503,4.308165073394775,3.892073154449463,2.028352975845337,-0.3961496353149414,-3.29665207862854,-5.5620903968811035,-7.191161632537842,-7.660898208618164,-7.258058071136475,-5.375329494476318,-3.4365234375,-1.161361575126648,0.061387743800878525,0.14225506782531738,-0.6526607275009155,-1.2949880361557007,-2.6060140132904053,-3.804600477218628
0.0,0.0,0.0,0.0,0.0,-11.448488235473633,-10.225933074951172,-10.494156837463379,-15.16931438446045,-18.081199645996094,-14.814949035644531,-12.534187316894531,-12.76259708404541,-11.695255279541016,-9.262064933776855,-6.987358570098877,-4.602417945861816,-1.3661912679672241,-0.2520442306995392,0.5131214261054993,1.7825099229812622,3.2575583457946777,4.107816219329834,3.9671313762664795,1.6808197498321533,-1.7207838296890259,-5.41603946685791,-7.803234100341797,-10.699773788452148,-10.900312423706055,-9.596212387084961,-6.720254421234131,-2.4787516593933105,1.6247162818908691,3.3921635150909424,3.6653449535369873,2.352398157119751,0.038332030177116394,-2.5350701808929443,-4.777395725250244,-6.881481170654297,-7.631255626678467,-6.8949079513549805,-5.251420497894287,-3.0541560649871826,-0.6092054843902588,0.5136137008666992,0.5238655805587769,-0.3275430202484131,-1.4730665683746338,-2.865623712539673,-4.3129353523254395
0.0,0.0,0.0,0.0,0.0,-11.448488235473633,-11.20988941192627,-12.374670028686523,-12.84664249420166,-17.578920364379883,-15.34549331665039,-12.91650676727295,-12.567621231079102,-12.434654235839844,-10.120391845703125,-8.039360046386719,-5.552794933319092,-3.2684707641601562,-1.4777113199234009,0.027996009215712547,1.253265142440796,2.868558645248413,4.112198829650879,4.518006801605225,2.737379550933838,-0.3093629777431488,-4.108486652374268,-6.72139835357666,-9.931257247924805,-10.924917221069336,-10.468320846557617,-8.379398345947266,-4.680454254150391,-0.3498532772064209,2.4947588443756104,3.101304531097412,2.5896732807159424,0.49230054020881653,-1.9387985467910767,-4.185663223266602,-6.343361854553223,-7.408567905426025,-6.599435806274414,-5.187801361083984,-3.3354663848876953,-0.8693298101425171,0.12548775970935822,0.2208641767501831,-0.27677565813064575,-1.7688993215560913,-3.341580390930176,-4.788835048675537
0.0,0.0,0.0,0.0,-11.479325294494629,-8.92559814453125,-8.856978416442871,-10.083598136901855,-9.943624496459961,-11.7255220413208,-11.247803688049316,-11.410479545593262,-11.634347915649414,-11.670626640319824,-10.51832103729248,-8.652449607849121,-6.832770347595215,-4.892009735107422,-3.2675111293792725,-1.219247817993164,0.4133271872997284,2.1002907752990723,3.8551859855651855,4.4604172706604,3.6045939922332764,0.836716890335083,-2.636213779449463,-5.438145160675049,-8.897583961486816,-10.707146644592285,-11.072884559631348,-9.688716888427734,-6.873445510864258,-2.4356606006622314,0.9070007801055908,2.1947481632232666,2.5772433280944824,0.7651519179344177,-1.221492886543274,-3.400960683822632,-5.596818923950195,-6.82503604888916,-6.024319648742676,-4.803018569946289,-3.552278757095337,-1.35744309425354,-0.4936130940914154,-0.14243675768375397,-0.6548008918762207,-2.069929838180542,-3.567734956741333,-4.920923233032227
0.0,0.0,0.0,0.0,0.0,-6.804377555847168,-5.789077281951904,-7.224128246307373,-7.401211261749268,-8.299482345581055,-8.642478942871094,-9.64120101928711,-10.361546516418457,-10.394059181213379,-10.135794639587402,-8.897528648376465,-7.699604034423828,-6.148705005645752,-4.349349498748779,-2.412250280380249,-0.40532082319259644,1.6004947423934937,3.8035624027252197,4.747817516326904,4.701662540435791,2.3074233531951904,-0.8863086104393005,-3.5516130924224854,-7.138854026794434,-9.293399810791016,-10.878085136413574,-10.247203826904297,-8.606386184692383,-4.413231372833252,-0.8930812478065491,1.069488763809204,2.1914803981781006,1.2034205198287964,-0.5063087344169617,-2.7721288204193115,-4.751609802246094,-6.388558387756348,-5.683334827423096,-4.786005020141602,-3.8793752193450928,-2.035163640975952,-1.0749574899673462,-0.5612108707427979,-0.8955957293510437,-2.1654233932495117,-3.4837117195129395,-4.616732597351074
0.0,0.0,0.0,0.0,0.0,-9.463767051696777,-5.45290470123291,-6.317577362060547,-7.375314712524414,-8.632514953613281,-9.02345085144043,-9.903616905212402,-10.20665168762207,-10.176900863647461,-9.395965576171875,-9.043476104736328,-8.311935424804688,-6.725271224975586,-5.104228973388672,-3.423280954360962,-1.5404276847839355,0.7386803030967712,3.258967399597168,4.750405788421631,4.8605146408081055,3.217982530593872,0.6681034564971924,-1.767138957977295,-5.197901725769043,-7.804537296295166,-10.097552299499512,-10.203493118286133,-9.648909568786621,-6.077815532684326,-3.1152403354644775,-0.6752395033836365,1.379927396774292,1.0564846992492676,-0.22088176012039185,-2.193621873855591,-3.9844980239868164,-5.960974216461182,-5.331603050231934,-4.819105625152588,-4.027110576629639,-2.507354736328125,-1.5159097909927368,-0.8396374583244324,-1.2035784721374512,-2.2096831798553467,-3.398333787918091,-4.380415916442871
0.0,0.0,0.0,0.0,0.0,0.0,-4.801487922668457,-6.223878383636475,-7.310612201690674,-8.971917152404785,-9.43349838256836,-10.026435852050781,-10.28499984741211,-10.542019844055176,-9.521246910095215,-9.244688987731934,-8.925975799560547,-7.395053386688232,-5.524301528930664,-4.124073028564453,-2.242581367492676,-0.11096349358558655,2.323817014694214,4.299413204193115,4.770636081695557,3.724280595779419,1.535636305809021,-0.28423306345939636,-3.285707473754883,-6.140668869018555,-8.940865516662598,-9.876900672912598,-10.014506340026855,-7.543622970581055,-4.9767303466796875,-2.761219024658203,0.011611314490437508,0.45644620060920715,-0.3724934756755829,-1.9457305669784546,-3.34836745262146,-5.183277130126953,-4.936114311218262,-4.441697120666504,-3.8498587608337402,-2.64668869972229,-1.897278904914856,-1.2598141431808472,-1.6221814155578613,-2.425584316253662,-3.4255759716033936,-4.511693477630615
0.0,0.0,0.0,0.0,0.0,-2.5979719161987305,-2.6596710681915283,-2.944025754928589,-4.338472366333008,-6.196889877319336,-6.756202220916748,-7.574337959289551,-8.085257530212402,-9.010148048400879,-8.732815742492676,-8.931435585021973,-8.749271392822266,-7.651750564575195,-5.98060941696167,-4.6434431076049805,-2.8433897495269775,-1.081233024597168,1.269813060760498,3.029784679412842,4.012988567352295,3.8049230575561523,2.17189359664917,0.7446920871734619,-1.7320903539657593,-4.31312370300293,-7.54036808013916,-9.4649019241333,-10.253283500671387,-8.777008056640625,-6.714298725128174,-4.53974723815918,-1.3878875970840454,-0.2943131923675537,-0.41183361411094666,-1.6097075939178467,-3.0469913482666016,-4.429712295532227,-4.440217971801758,-4.176765441894531,-3.6446473598480225,-2.70699143409729,-2.2323784828186035,-1.599791407585144,-1.9509960412979126,-2.792515277862549,-3.764543056488037,-4.7729949951171875
0.0,0.0,0.0,0.0,0.0,-5.568625450134277,-4.578144073486328,-4.2996110916137695,-4.087064266204834,-5.183497428894043,-5.870642185211182,-6.622148513793945,-7.297889232635498,-8.139702796936035,-8.094346046447754,-8.365485191345215,-8.704440116882324,-8.0529146194458,-6.597775936126709,-5.167661666870117,-3.755089282989502,-2.1851425170898438,-0.06178708374500275,1.6758017539978027,3.0192782878875732,3.446503162384033,2.7573606967926025,1.8666263818740845,-0.23103117942810059,-2.539792776107788,-5.860501289367676,-8.282637596130371,-9.987101554870605,-9.579358100891113,-8.222517013549805,-5.96201229095459,-2.891721248626709,-1.1857231855392456,-0.6667287945747375,-1.369780421257019,-2.389742374420166,-3.746321439743042,-3.9248926639556885,-4.096406936645508,-3.6947033405303955,-3.0651559829711914,-2.604074716567993,-2.0449459552764893,-2.3159337043762207,-2.953359365463257,-3.84372878074646,-4.799383640289307
0.0,0.0,0.0,0.0,-8.302654266357422,-8.243528366088867,-6.719916343688965,-6.344837188720703,-6.398869514465332,-6.918888568878174,-6.924317359924316,-7.144349575042725,-7.8624348640441895,-8.780865669250488,-8.990846633911133,-9.273958206176758,-9.590201377868652,-9.062723159790039,-7.495802402496338,-6.036811828613281,-4.671226978302002,-3.406189203262329,-1.51344895362854,0.10353881120681763,1.7691885232925415,2.7192187309265137,3.0486392974853516,2.7151377201080322,1.1053228378295898,-0.8691767454147339,-4.080498218536377,-6.741673946380615,-8.982097625732422,-9.669715881347656,-9.190238952636719,-7.344960689544678,-4.272424697875977,-2.3267643451690674,-1.1476374864578247,-1.2900290489196777,-1.7286407947540283,-2.9598610401153564,-3.228544235229492,-3.650730609893799,-3.4775538444519043,-3.150010347366333,-2.96822452545166,-2.5043272972106934,-2.6802244186401367,-3.1821863651275635,-3.9334099292755127,-4.7496113777160645
0.0,0.0,0.0,0.0,-9.314987182617188,-9.859857559204102,-7.9716386795043945,-7.341747283935547,-7.131385803222656,-7.695794582366943,-7.390103816986084,-7.508851528167725,-8.153109550476074,-9.002799987792969,-9.455845832824707,-9.869534492492676,-9.958497047424316,-9.394454002380371,-7.890208721160889,-6.43617057800293,-5.192885398864746,-4.270720958709717,-2.5010879039764404,-1.175734519958496,0.20139120519161224,1.8604249954223633,2.620349168777466,2.96122145652771,1.985263466835022,0.3909222185611725,-2.5657896995544434,-5.239233016967773,-7.8582634925842285,-9.327449798583984,-9.38283920288086,-8.461431503295898,-5.991013050079346,-3.9647116661071777,-2.3883934020996094,-1.7711303234100342,-1.3192999362945557,-2.0303916931152344,-2.6214816570281982,-3.0801193714141846,-3.2098491191864014,-3.33359956741333,-3.3878610134124756,-3.1384568214416504,-3.314249038696289,-3.526336669921875,-3.9637322425842285,-4.716939926147461
0.0,0.0,0.0,0.0,-5.705338478088379,-6.909611225128174,-7.141046047210693,-7.134788990020752,-7.045464038848877,-7.297051906585693,-6.753807544708252,-6.393006801605225,-6.651968002319336,-7.351073741912842,-8.069130897521973,-9.082504272460938,-9.652135848999023,-9.304617881774902,-8.009500503540039,-6.578096389770508,-5.462683200836182,-4.72017240524292,-3.3252553939819336,-2.0925307273864746,-0.8941744565963745,0.7642002105712891,1.945151925086975,2.549358606338501,2.378079652786255,1.343841791152954,-1.2287328243255615,-3.663999319076538,-6.455336093902588,-8.536049842834473,-9.245329856872559,-8.943425178527832,-7.2851972579956055,-5.417245388031006,-3.5235681533813477,-2.407453775405884,-1.2278406620025635,-1.3692755699157715,-2.009410858154297,-2.6849453449249268,-2.8560783863067627,-3.376059055328369,-3.6698355674743652,-3.682063579559326,-3.8845291137695312,-3.793025493621826,-4.006709098815918,-4.5378007888793945
0.06810441613197327,0.0952812060713768,1.0981872081756592,-0.7546690106391907,-4.241457462310791,-5.959737777709961,-6.466743469238281,-6.693983554840088,-6.4866251945495605,-6.494187355041504,-6.309932231903076,-6.009374618530273,-6.138614177703857,-6.645432949066162,-7.5221428871154785,-8.634100914001465,-9.344775199890137,-9.715867042541504,-8.78209114074707,-7.10807991027832,-5.9098381996154785,-5.333916664123535,-3.889498233795166,-2.7492473125457764,-1.9824275970458984,-0.5686486959457397,0.8047645092010498,1.7806763648986816,1.9038589000701904,1.6420245170593262,-0.5015153884887695,-2.6188416481018066,-5.289704322814941,-7.536766529083252,-8.882685661315918,-9.087515830993652,-7.926755905151367,-6.501106262207031,-4.7148308753967285,-3.3119325637817383,-1.5454105138778687,-1.190687894821167,-1.6086784601211548,-2.41945219039917,-2.604300022125244,-3.1669275760650635,-3.51636004447937,-3.8219430446624756,-4.066938877105713,-3.849457025527954,-4.001512050628662,-4.502789497375488
