nc_test.json
{"header": {"parameterUnit": "m.s-1", "parameterNumber": 3, "dx": 0.0028076171875, "dy": 0.002254486083984375, "parameterNumberName": "northward_wind", "la1": 37.11452102661133, "la2": 36.93655776977539, "parameterCategory": 2, "lo2": -76.23042297363281, "nx": 80, "ny": 80, "refTime": "2017-02-01 23:00:00", "lo1": -76.45238494873047}, "data":
[rows 0 to 23 of 80, columns 0 to 53 of 80]
0.0,0.0,0.0,0.0,0.0,0.0,0.0,0.0,0.0,0.0,0.0,0.0,0.0,17.48957061767578,18.960113525390625,15.587287902832031,12.935195922851562,15.229942321777344,13.766441345214844,11.629554748535156,11.729499816894531,11.078392028808594,11.621078491210938,7.714851379394531,5.6102752685546875,4.6278228759765625,5.889320373535156,7.541984558105469,9.0191650390625,10.408706665039062,10.888130187988281,10.958610534667969,11.26348876953125,10.468246459960938,10.16253662109375,9.820953369140625,9.4375,9.308525085449219,9.28240966796875,9.228904724121094,9.348274230957031,9.275955200195312,9.29998779296875,9.056777954101562,8.663055419921875,8.51275634765625,8.127243041992188,7.797370910644531,8.066757202148438,7.592254638671875,8.657081604003906,9.58245849609375,9.890892028808594,12.67254638671875
0.0,0.0,0.0,0.0,0.0,0.0,0.0,0.0,0.0,0.0,0.0,0.0,0.0,12.773056030273438,15.39508056640625,13.341453552246094,11.697639465332031,13.461479187011719,14.14630126953125,12.386932373046875,12.259918212890625,11.491767883300781,12.141998291015625,8.939384460449219,6.5915679931640625,5.465950012207031,6.130592346191406,7.187507629394531,7.966583251953125,9.499588012695312,10.723442077636719,10.939804077148438,11.267524719238281,10.5916748046875,10.16650390625,9.819320678710938,9.413124084472656,9.283103942871094,9.264823913574219,9.219291687011719,9.318580627441406,9.216232299804688,9.218536376953125,9.029945373535156,8.733367919921875,8.607109069824219,8.2210693359375,7.993019104003906,8.225059509277344,7.937713623046875,8.543319702148438,9.313186645507812,10.102912902832031,12.145790100097656
0.0,0.0,0.0,0.0,0.0,0.0,0.0,0.0,0.0,0.0,0.0,0.0,7.59259033203125,11.679985046386719,14.5543212890625,13.176742553710938,11.867042541503906,13.434417724609375,13.9866943359375,13.36358642578125,12.700157165527344,11.738265991210938,12.06976318359375,9.209304809570312,6.975578308105469,6.015556335449219,6.282501220703125,6.895286560058594,7.493705749511719,8.200027465820312,9.906997680664062,10.875762939453125,11.359626770019531,10.685012817382812,10.229820251464844,9.865348815917969,9.452766418457031,9.293601989746094,9.289306640625,9.250137329101562,9.354110717773438,9.212059020996094,9.214202880859375,9.047256469726562,8.85552978515625,8.778892517089844,8.424331665039062,8.19378662109375,8.393539428710938,7.9952545166015625,8.351318359375,8.970664978027344,9.846755981445312,11.646820068359375
0.0,0.0,0.0,0.0,0.0,0.0,0.0,0.0,0.0,0.0,0.0,0.0,10.473945617675781,13.337356567382812,15.303321838378906,13.976707458496094,12.974884033203125,13.705963134765625,14.07379150390625,13.738929748535156,13.797683715820312,12.60052490234375,12.73974609375,9.8955078125,7.297981262207031,6.540031433105469,6.213066101074219,6.761878967285156,7.1333770751953125,7.6468353271484375,9.549827575683594,10.557533264160156,11.118721008300781,10.619613647460938,10.217964172363281,9.859123229980469,9.467086791992188,9.299087524414062,9.248382568359375,9.178024291992188,9.319610595703125,9.172920227050781,9.187301635742188,9.016586303710938,8.801712036132812,8.683097839355469,8.321968078613281,8.095985412597656,8.44976806640625,8.089218139648438,8.33734130859375,9.137832641601562,10.017494201660156,11.526885986328125
0.0,0.0,0.0,0.0,0.0,0.0,0.0,0.0,0.0,0.0,7.911468505859375,8.718887329101562,11.006156921386719,14.317672729492188,16.33979034423828,14.44158935546875,13.464653015136719,14.024078369140625,13.542304992675781,13.072074890136719,13.405418395996094,12.662200927734375,12.137298583984375,10.248664855957031,7.533355712890625,6.74249267578125,6.464447021484375,6.866950988769531,7.034019470214844,7.429374694824219,9.407699584960938,10.389060974121094,10.8863525390625,10.516189575195312,10.142494201660156,9.841346740722656,9.469276428222656,9.26947021484375,9.171585083007812,9.124687194824219,9.234542846679688,9.145805358886719,9.168426513671875,8.987945556640625,8.704269409179688,8.527572631835938,8.166542053222656,7.996589660644531,8.319137573242188,8.087051391601562,8.329582214355469,9.178543090820312,10.149276733398438,11.378318786621094
0.0,0.0,0.0,0.0,0.0,0.0,0.0,0.0,0.0,1.6627273559570312,2.8368606567382812,4.599891662597656,6.708122253417969,11.329010009765625,15.5908203125,14.050025939941406,13.238563537597656,13.682777404785156,13.126785278320312,12.902061462402344,13.128257751464844,12.5767822265625,11.888275146484375,10.250190734863281,7.6597747802734375,6.765510559082031,6.391792297363281,6.78399658203125,6.876487731933594,7.247322082519531,9.102310180664062,10.136253356933594,10.726119995117188,10.450119018554688,10.08917236328125,9.792953491210938,9.454818725585938,9.227767944335938,9.091712951660156,9.065315246582031,9.170478820800781,9.10479736328125,9.104209899902344,8.929122924804688,8.62298583984375,8.3536376953125,8.025474548339844,7.8879241943359375,8.229255676269531,8.026031494140625,8.275009155273438,9.068801879882812,10.035820007324219,11.200492858886719
0.0,0.0,0.0,0.0,0.0,0.0,0.0,0.0,-4.470420837402344,-0.9485092163085938,0.6725921630859375,1.9417877197265625,3.7302932739257812,6.3220672607421875,13.143661499023438,13.45208740234375,12.886024475097656,13.33209228515625,12.872703552246094,12.935958862304688,13.290367126464844,12.905799865722656,12.268417358398438,10.751022338867188,8.2764892578125,7.254722595214844,6.410438537597656,6.533561706542969,6.683799743652344,7.00433349609375,8.68206787109375,9.6759033203125,10.40838623046875,10.325187683105469,10.037460327148438,9.701362609863281,9.406112670898438,9.172882080078125,8.992141723632812,8.956253051757812,9.08489990234375,9.018623352050781,9.011581420898438,8.793777465820312,8.538330078125,8.204681396484375,7.8916473388671875,7.7976837158203125,8.090042114257812,7.8776397705078125,8.076217651367188,8.80029296875,9.780174255371094,10.690536499023438
0.0,0.0,0.0,0.0,0.0,0.0,0.0,0.0,-2.9394607543945312,-0.5296554565429688,0.856048583984375,1.9113693237304688,2.1240692138671875,3.9125137329101562,7.832649230957031,11.701469421386719,12.343070983886719,12.841621398925781,12.428543090820312,12.473419189453125,12.904876708984375,12.798675537109375,12.550750732421875,11.351493835449219,9.133316040039062,7.825889587402344,6.725311279296875,6.382652282714844,6.379692077636719,6.648490905761719,8.170463562011719,9.271659851074219,10.129920959472656,10.203567504882812,9.962234497070312,9.677932739257812,9.386772155761719,9.128776550292969,8.941230773925781,8.894683837890625,9.021087646484375,8.963226318359375,8.954666137695312,8.762825012207031,8.554428100585938,8.17730712890625,7.869163513183594,7.756187438964844,7.9791412353515625,7.829826354980469,8.082443237304688,8.668907165527344,9.604293823242188,10.373634338378906
0.0,0.0,0.0,0.0,0.0,0.0,0.0,0.0,-2.9718551635742188,-0.8485260009765625,-0.03261566162109375,1.36431884765625,1.04852294921875,2.3448944091796875,5.3004608154296875,9.259994506835938,11.437126159667969,12.222061157226562,11.919921875,11.948905944824219,12.428741455078125,12.578025817871094,12.540794372558594,11.711570739746094,9.692100524902344,8.123184204101562,6.96087646484375,6.363334655761719,6.217979431152344,6.3826446533203125,7.6003570556640625,8.803337097167969,9.843910217285156,10.027603149414062,9.869598388671875,9.628669738769531,9.346214294433594,9.046211242675781,8.858352661132812,8.816902160644531,8.936164855957031,8.887840270996094,8.892074584960938,8.6866455078125,8.510536193847656,8.114425659179688,7.8424224853515625,7.747123718261719,7.949363708496094,7.853424072265625,8.141349792480469,8.723106384277344,9.548873901367188,10.026802062988281
0.0,0.0,0.0,0.0,0.0,0.0,0.0,3.1270599365234375,-3.4528121948242188,-0.7470245361328125,0.7368850708007812,1.2474594116210938,0.880157470703125,1.1881637573242188,4.1060791015625,6.8681793212890625,9.619224548339844,11.099945068359375,11.22857666015625,11.376747131347656,12.075386047363281,12.451881408691406,12.634941101074219,11.904518127441406,10.096321105957031,8.435501098632812,6.9924774169921875,6.250709533691406,5.8514556884765625,6.073631286621094,7.015739440917969,8.279006958007812,9.379814147949219,9.75396728515625,9.6964111328125,9.496856689453125,9.195220947265625,8.929878234863281,8.723991394042969,8.698692321777344,8.808799743652344,8.814414978027344,8.810310363769531,8.6015625,8.398170471191406,7.991630554199219,7.722053527832031,7.700531005859375,7.885383605957031,7.9599761962890625,8.365142822265625,8.840972900390625,9.723350524902344,10.122940063476562
0.0,0.0,0.0,0.0,0.0,-0.38619232177734375,3.5444107055664062,1.4136276245117188,-3.9365921020507812,-5.1065826416015625,-0.9923858642578125,0.15023040771484375,-0.10300445556640625,0.6520919799804688,3.2265853881835938,5.153228759765625,7.920829772949219,9.985153198242188,10.351478576660156,10.654434204101562,11.440399169921875,12.255966186523438,12.648612976074219,12.138916015625,10.591102600097656,8.822601318359375,7.2024078369140625,6.283576965332031,5.535942077636719,5.76422119140625,6.522193908691406,7.655914306640625,8.789871215820312,9.36566162109375,9.51104736328125,9.378860473632812,9.062858581542969,8.820686340332031,8.603141784667969,8.555137634277344,8.676414489746094,8.724708557128906,8.739776611328125,8.510940551757812,8.262290954589844,7.870643615722656,7.585479736328125,7.5384979248046875,7.720710754394531,7.90777587890625,8.407333374023438,8.95916748046875,9.833839416503906,10.140434265136719
0.0,0.0,0.0,0.0,0.0,0.757476806640625,2.3126983642578125,1.9633407592773438,-3.1508102416992188,-6.378868103027344,-2.8877105712890625,-0.48163604736328125,-0.7425689697265625,0.32979583740234375,2.7174453735351562,4.590660095214844,6.44903564453125,8.823028564453125,9.69110107421875,10.175933837890625,11.04364013671875,12.073753356933594,12.676765441894531,12.501045227050781,11.174774169921875,9.349151611328125,7.550018310546875,6.525444030761719,5.4694366455078125,5.565704345703125,6.104209899902344,6.958900451660156,8.096061706542969,8.971061706542969,9.227508544921875,9.200714111328125,8.932388305664062,8.6805419921875,8.447952270507812,8.394996643066406,8.522079467773438,8.625053405761719,8.597686767578125,8.398406982421875,8.091575622558594,7.645729064941406,7.3788299560546875,7.337379455566406,7.53594970703125,7.899559020996094,8.44451904296875,9.109588623046875,9.952621459960938,10.0618896484375
0.0,0.0,0.0,0.0,0.0,0.757476806640625,1.306610107421875,0.0334014892578125,-0.5027542114257812,-5.84197998046875,-3.407470703125,-0.8182907104492188,-0.4803314208984375,-0.3409881591796875,2.029937744140625,3.7827987670898438,5.755287170410156,7.462409973144531,8.857566833496094,9.871894836425781,10.723876953125,11.834381103515625,12.687721252441406,12.835884094238281,11.7724609375,10.081520080566406,8.166511535644531,6.974884033203125,5.708610534667969,5.488471984863281,5.758087158203125,6.4356842041015625,7.490058898925781,8.506362915039062,8.989295959472656,9.003273010253906,8.821891784667969,8.575759887695312,8.332832336425781,8.294509887695312,8.409156799316406,8.545127868652344,8.498886108398438,8.322746276855469,8.071640014648438,7.604255676269531,7.3727569580078125,7.314994812011719,7.4158172607421875,7.900611877441406,8.529129028320312,9.238082885742188,10.002983093261719,10.113868713378906
0.0,0.0,0.0,0.0,0.747650146484375,3.4756088256835938,3.8588333129882812,2.50628662109375,2.61822509765625,0.45160675048828125,0.9653778076171875,0.6959915161132812,0.38704681396484375,0.32354736328125,1.5745010375976562,3.25396728515625,4.751579284667969,6.249855041503906,7.5803375244140625,9.013145446777344,10.181106567382812,11.374610900878906,12.577163696289062,12.873184204101562,12.311119079589844,10.724815368652344,8.901824951171875,7.552803039550781,6.0869293212890625,5.504325866699219,5.493995666503906,5.980842590332031,6.8584747314453125,7.996368408203125,8.632759094238281,8.73773193359375,8.658805847167969,8.426582336425781,8.217193603515625,8.155502319335938,8.27130126953125,8.421279907226562,8.363784790039062,8.195121765136719,8.040283203125,7.61883544921875,7.411781311035156,7.2862091064453125,7.409210205078125,7.878997802734375,8.502342224121094,9.192428588867188,9.898597717285156,10.020973205566406
0.0,0.0,0.0,0.0,0.0,5.8187408447265625,7.263252258300781,5.641792297363281,5.382164001464844,4.1581878662109375,3.7318801879882812,2.4896774291992188,1.5715103149414062,1.4673614501953125,1.7973098754882812,2.9187164306640625,3.8999862670898438,5.155181884765625,6.676300048828125,8.096115112304688,9.576461791992188,11.001876831054688,12.519889831542969,13.040939331054688,12.954124450683594,11.518386840820312,9.769485473632812,8.403038024902344,6.786750793457031,5.975494384765625,5.4737091064453125,5.7370758056640625,6.3083038330078125,7.476371765136719,8.220474243164062,8.450469970703125,8.480339050292969,8.296539306640625,8.093002319335938,8.0126953125,8.122764587402344,8.30999755859375,8.256973266601562,8.123786926269531,8.018325805664062,7.6486053466796875,7.423011779785156,7.255378723144531,7.3486785888671875,7.767219543457031,8.3382568359375,8.931388854980469,9.594963073730469,9.722099304199219
0.0,0.0,0.0,0.0,0.0,2.45404052734375,7.572074890136719,6.5615234375,5.362464904785156,3.7226715087890625,3.1992111206054688,2.0725631713867188,1.63140869140625,1.5528106689453125,2.4504623413085938,2.697998046875,3.2924880981445312,4.608558654785156,6.03564453125,7.319664001464844,8.759696960449219,10.413299560546875,12.194374084472656,13.080291748046875,13.059455871582031,12.009269714355469,10.551666259765625,9.236671447753906,7.589134216308594,6.500236511230469,5.6761016845703125,5.67877197265625,5.91119384765625,7.025154113769531,7.726463317871094,8.091163635253906,8.264938354492188,8.134422302246094,7.9513397216796875,7.865501403808594,7.963829040527344,8.190757751464844,8.139457702636719,8.064697265625,7.967010498046875,7.6527557373046875,7.425666809082031,7.209007263183594,7.317604064941406,7.651214599609375,8.179924011230469,8.702903747558594,9.305686950683594,9.472259521484375
0.0,0.0,0.0,0.0,0.0,0.0,8.464157104492188,6.728729248046875,5.4537200927734375,3.3170700073242188,2.7109909057617188,1.8655242919921875,1.4528961181640625,1.02947998046875,2.14434814453125,2.3500900268554688,2.5499114990234375,3.909210205078125,5.607841491699219,6.726310729980469,8.218841552734375,9.798828125,11.575851440429688,12.832710266113281,13.041976928710938,12.329116821289062,11.000656127929688,9.979476928710938,8.436576843261719,7.146430969238281,6.047218322753906,5.737174987792969,5.754478454589844,6.611259460449219,7.289131164550781,7.678443908691406,7.988761901855469,7.928459167480469,7.765739440917969,7.6856689453125,7.763465881347656,7.986701965332031,7.97686767578125,7.899253845214844,7.829872131347656,7.566596984863281,7.400245666503906,7.2080841064453125,7.3332672119140625,7.60968017578125,8.067230224609375,8.64935302734375,9.191322326660156,9.42034912109375
0.0,0.0,0.0,0.0,0.0,11.416679382324219,11.056083679199219,10.693405151367188,8.943504333496094,6.4776153564453125,5.724945068359375,4.572868347167969,3.7916946411132812,2.5512542724609375,2.80755615234375,2.4930191040039062,2.5541763305664062,3.5317916870117188,5.1090850830078125,6.2255706787109375,7.73095703125,9.074851989746094,10.846397399902344,12.017242431640625,12.590240478515625,12.399864196777344,11.359107971191406,10.515533447265625,9.174972534179688,7.902435302734375,6.5330810546875,5.802558898925781,5.6226654052734375,6.223793029785156,6.8271026611328125,7.288993835449219,7.7081298828125,7.719779968261719,7.593574523925781,7.5068206787109375,7.582283020019531,7.771873474121094,7.81097412109375,7.7781982421875,7.6996307373046875,7.480079650878906,7.381721496582031,7.1982421875,7.345893859863281,7.6744537353515625,8.134452819824219,8.68719482421875,9.228439331054688,9.499725341796875
0.0,0.0,0.0,0.0,0.0,7.492210388183594,8.968055725097656,9.224502563476562,9.429862976074219,7.757545471191406,6.790069580078125,5.673377990722656,4.631980895996094,3.4321823120117188,3.3890304565429688,2.9251708984375,2.4054031372070312,2.9598846435546875,4.398796081542969,5.6841583251953125,6.923164367675781,8.178260803222656,9.851577758789062,11.045097351074219,11.928054809570312,12.162086486816406,11.701980590820312,11.125595092773438,9.901145935058594,8.676589965820312,7.162147521972656,6.17822265625,5.6512451171875,5.9456024169921875,6.4051513671875,6.9351654052734375,7.4080963134765625,7.5200347900390625,7.430572509765625,7.346611022949219,7.388816833496094,7.573387145996094,7.6310272216796875,7.684417724609375,7.6258392333984375,7.474647521972656,7.372978210449219,7.225166320800781,7.362846374511719,7.635734558105469,8.069618225097656,8.607009887695312,9.199966430664062,9.545631408691406
0.0,0.0,0.0,0.0,3.434906005859375,3.4415130615234375,6.065460205078125,6.659233093261719,6.526420593261719,5.6890869140625,5.565460205078125,5.05279541015625,3.94134521484375,2.640960693359375,2.2778701782226562,1.7870635986328125,1.2856369018554688,1.7449798583984375,3.3782501220703125,4.8031768798828125,6.071281433105469,7.122535705566406,8.67852783203125,9.874931335449219,11.019485473632812,11.663101196289062,11.867095947265625,11.595085144042969,10.553787231445312,9.433753967285156,7.864715576171875,6.710113525390625,5.9047088623046875,5.849464416503906,6.0843048095703125,6.5641632080078125,7.102668762207031,7.290740966796875,7.251960754394531,7.179618835449219,7.179374694824219,7.3407440185546875,7.399528503417969,7.513252258300781,7.504791259765625,7.4158782958984375,7.3826141357421875,7.284797668457031,7.400947570800781,7.631675720214844,8.019721984863281,8.498741149902344,9.042015075683594,9.406051635742188
0.0,0.0,0.0,0.0,1.5950469970703125,0.49188995361328125,3.9458084106445312,5.133155822753906,5.5387420654296875,4.651519775390625,5.016334533691406,4.605674743652344,3.5593109130859375,2.3366317749023438,1.645904541015625,0.9972610473632812,0.7462997436523438,1.2497482299804688,2.8318023681640625,4.3197784423828125,5.531898498535156,6.3024444580078125,7.813606262207031,8.8587646484375,9.867630004882812,11.0706787109375,11.581169128417969,11.735916137695312,11.010948181152344,10.032150268554688,8.506599426269531,7.279632568359375,6.255523681640625,5.8764190673828125,5.967658996582031,6.262077331542969,6.760734558105469,7.027587890625,7.0572967529296875,7.0186920166015625,6.9821319580078125,7.071159362792969,7.167091369628906,7.2754058837890625,7.334938049316406,7.363372802734375,7.403770446777344,7.40985107421875,7.5441131591796875,7.6489105224609375,7.889434814453125,8.353935241699219,8.797447204589844,9.112297058105469
0.0,0.0,0.0,0.0,8.187507629394531,5.402305603027344,4.611358642578125,4.708183288574219,5.183799743652344,4.8774871826171875,5.657440185546875,5.903755187988281,5.2927093505859375,4.206932067871094,3.13580322265625,1.7807540893554688,0.9718399047851562,1.1889114379882812,2.5554580688476562,4.056236267089844,5.180267333984375,5.809928894042969,7.05450439453125,8.059814453125,8.992904663085938,10.252395629882812,11.103057861328125,11.467910766601562,11.206062316894531,10.499412536621094,9.083206176757812,7.8839874267578125,6.7030487060546875,6.02581787109375,5.907981872558594,6.062469482421875,6.452781677246094,6.761680603027344,6.8533172607421875,6.8533477783203125,6.791778564453125,6.798881530761719,6.893798828125,7.039131164550781,7.107429504394531,7.25604248046875,7.3894195556640625,7.517112731933594,7.682945251464844,7.655265808105469,7.7924652099609375,8.1439208984375,8.570335388183594,8.861854553222656
19.34929656982422,20.468719482421875,23.565414428710938,19.44036865234375,11.222587585449219,7.07269287109375,5.656318664550781,5.162910461425781,5.780036926269531,5.945701599121094,6.194068908691406,6.399452209472656,5.948005676269531,5.07391357421875,3.7243423461914062,2.1413650512695312,1.1388168334960938,0.5093154907226562,1.4608383178710938,3.3270721435546875,4.6078643798828125,5.0760345458984375,6.431907653808594,7.420921325683594,8.0660400390625,9.229537963867188,10.308837890625,10.997787475585938,10.941932678222656,10.660018920898438,9.415283203125,8.322608947753906,7.107276916503906,6.291053771972656,5.919647216796875,5.948966979980469,6.265159606933594,6.562385559082031,6.6835784912109375,6.717994689941406,6.6317596435546875,6.5794830322265625,6.6209869384765625,6.808708190917969,6.883918762207031,7.0451202392578125,7.208091735839844,7.464256286621094,7.66571044921875,7.580329895019531,7.6812591552734375,8.035964965820312,8.459869384765625,8.692626953125
19.34929656982422,20.52777099609375,23.995460510253906,19.702651977539062,11.539710998535156,8.658035278320312,6.294708251953125,5.700614929199219,6.5970458984375,7.105857849121094,7.11749267578125,6.876190185546875,6.373039245605469,5.5489959716796875,4.400276184082031,2.9374847412109375,1.7961273193359375,0.967681884765625,1.0198135375976562,2.723663330078125,4.1672210693359375,4.739494323730469,6.150177001953125,7.094154357910156,7.713447570800781,8.777542114257812,9.891365051269531,10.679069519042969,10.628242492675781,10.609336853027344,9.591499328613281,8.7254638671875,7.551277160644531,6.6194000244140625,6.092826843261719,5.934776306152344,6.142234802246094,6.401344299316406,6.534370422363281,6.619010925292969,6.510459899902344,6.395668029785156,6.3850555419921875,6.527313232421875,6.65093994140625,6.8416595458984375,7.037574768066406,7.4008636474609375,7.6473846435546875,7.626579284667969,7.6548309326171875,7.984321594238281,8.31170654296875,8.397911071777344
