nc_test.json
{"header": {"parameterUnit": "m.s-1", "parameterNumber": 3, "dx": 0.0028076171875, "dy": 0.002254486083984375, "parameterNumberName": "northward_wind", "la1": 37.11452102661133, "la2": 36.93655776977539, "parameterCategory": 2, "lo2": -76.23042297363281, "nx": 80, "ny": 80, "refTime": "2017-02-01 23:00:00", "lo1": -76.45238494873047}, "data":
[rows 24 to 47 of 80, columns 0 to 53 of 80]
9.936851501464844,13.42352294921875,16.820350646972656,15.685317993164062,11.00726318359375,8.714149475097656,6.6800689697265625,6.2782135009765625,6.303779602050781,7.0886383056640625,7.605735778808594,7.106422424316406,6.364219665527344,5.7946014404296875,4.5949554443359375,3.0657806396484375,1.96734619140625,1.2376861572265625,0.703704833984375,1.733428955078125,3.4889907836914062,4.248603820800781,5.724723815917969,6.809822082519531,7.466682434082031,8.6279296875,9.528106689453125,10.279060363769531,10.278572082519531,10.3287353515625,9.638984680175781,9.053497314453125,7.989227294921875,7.006500244140625,6.414909362792969,5.605918884277344,5.464866638183594,5.864280700683594,6.269004821777344,6.270317077636719,6.1858062744140625,6.06976318359375,6.097785949707031,6.326988220214844,6.51953125,6.616386413574219,6.894279479980469,7.376823425292969,7.661201477050781,7.6558380126953125,7.596122741699219,7.8659820556640625,8.076675415039062,8.074996948242188
4.8213653564453125,7.99627685546875,11.097999572753906,10.315872192382812,7.2762908935546875,6.191963195800781,4.709724426269531,4.475532531738281,4.6317901611328125,5.596870422363281,6.199226379394531,6.289527893066406,5.943458557128906,5.840919494628906,4.788330078125,3.3085174560546875,2.2500839233398438,1.5106964111328125,1.0606613159179688,1.5604782104492188,2.84503173828125,3.6698074340820312,5.0130615234375,6.276039123535156,6.921684265136719,8.157325744628906,9.022705078125,9.674179077148438,9.765411376953125,9.833259582519531,9.354598999023438,9.052200317382812,8.250045776367188,7.9697113037109375,6.7368621826171875,5.963874816894531,5.584434509277344,5.7100372314453125,6.111885070800781,6.168891906738281,6.079345703125,5.88592529296875,5.7767181396484375,6.032135009765625,6.299713134765625,6.509742736816406,7.299812316894531,7.769386291503906,7.601898193359375,7.6200714111328125,7.544654846191406,7.7572021484375,7.9311065673828125,7.8456573486328125
6.771049499511719,9.799896240234375,11.997840881347656,11.5560302734375,9.330543518066406,7.66290283203125,6.689552307128906,5.709190368652344,6.00738525390625,6.3824920654296875,6.467338562011719,6.453880310058594,6.523895263671875,6.722587585449219,5.645469665527344,4.161933898925781,2.791717529296875,1.72979736328125,1.2779617309570312,1.5022735595703125,2.2448501586914062,2.8251495361328125,3.9679718017578125,4.992950439453125,5.9751129150390625,7.364738464355469,8.325515747070312,8.997955322265625,9.107887268066406,9.298393249511719,8.958839416503906,9.305435180664062,9.272979736328125,8.592094421386719,7.402580261230469,6.399299621582031,5.839439392089844,5.7317962646484375,6.026939392089844,6.146141052246094,6.056007385253906,5.815254211425781,5.576240539550781,5.720458984375,5.9776153564453125,6.2706451416015625,7.054527282714844,7.611244201660156,7.671836853027344,7.418487548828125,7.518890380859375,7.723197937011719,7.880760192871094,7.713432312011719
5.5816802978515625,10.559944152832031,12.703285217285156,12.476310729980469,10.376754760742188,8.714088439941406,7.242546081542969,6.687187194824219,6.6614990234375,6.674713134765625,6.7826690673828125,6.7632598876953125,7.228019714355469,7.6334686279296875,6.640357971191406,5.055145263671875,3.7857513427734375,2.3936767578125,1.5830917358398438,1.5153732299804688,1.9460678100585938,2.2789306640625,3.136322021484375,4.2099761962890625,5.232505798339844,6.4803466796875,7.535911560058594,8.378021240234375,8.544891357421875,8.759063720703125,8.800346374511719,8.675186157226562,9.07672119140625,8.881507873535156,7.967369079589844,6.962776184082031,6.22711181640625,5.8660888671875,6.002738952636719,6.168357849121094,6.096961975097656,5.824790954589844,5.457618713378906,5.4042205810546875,5.6538848876953125,6.058952331542969,6.857780456542969,7.459098815917969,7.531181335449219,7.314361572265625,7.48583984375,7.653327941894531,7.750892639160156,7.6238861083984375
3.5774765014648438,7.132499694824219,9.779365539550781,10.316680908203125,9.216758728027344,7.5968475341796875,5.827323913574219,4.935447692871094,5.108848571777344,5.348548889160156,5.8322601318359375,6.024101257324219,6.576171875,7.2152099609375,6.505561828613281,5.089454650878906,4.232658386230469,3.0091476440429688,1.8168411254882812,1.3723068237304688,1.5965194702148438,1.8099822998046875,2.544586181640625,3.4238052368164062,4.656852722167969,5.921073913574219,6.804229736328125,7.5858154296875,7.9907989501953125,7.8929443359375,8.013504028320312,7.985847473144531,8.511001586914062,8.658439636230469,8.213058471679688,7.349250793457031,6.6196746826171875,6.090118408203125,6.0609588623046875,6.199256896972656,6.1977691650390625,5.896202087402344,5.506050109863281,5.2996368408203125,5.421653747558594,5.778533935546875,6.49908447265625,7.043815612792969,7.2928009033203125,7.309654235839844,7.5547027587890625,7.698333740234375,7.769966125488281,7.676017761230469
3.5509414672851562,6.3970489501953125,8.56756591796875,9.533454895019531,8.853996276855469,7.33349609375,5.4421539306640625,4.361579895019531,4.2921295166015625,4.4482574462890625,5.087699890136719,5.4125823974609375,5.887474060058594,6.7153778076171875,6.552391052246094,5.51336669921875,4.845512390136719,3.9616241455078125,2.627838134765625,1.702911376953125,1.7702255249023438,1.8422470092773438,2.4505691528320312,3.162261962890625,4.270179748535156,5.456245422363281,6.422210693359375,7.093719482421875,8.011543273925781,7.633636474609375,7.296669006347656,7.3850555419921875,7.9316558837890625,8.246421813964844,8.274391174316406,7.607170104980469,6.933616638183594,6.3529205322265625,6.1489410400390625,6.229896545410156,6.292198181152344,6.0189666748046875,5.6132354736328125,5.306915283203125,5.246795654296875,5.476043701171875,6.166587829589844,6.80633544921875,7.27789306640625,7.486976623535156,7.768585205078125,7.890739440917969,7.757331848144531,7.736289978027344
3.8487701416015625,6.6752777099609375,8.923271179199219,10.121658325195312,9.903518676757812,8.374412536621094,6.978233337402344,5.5537109375,5.020195007324219,5.136932373046875,5.323211669921875,5.3725738525390625,6.0025177001953125,6.808891296386719,6.93212890625,5.981101989746094,5.470436096191406,4.981254577636719,3.8376693725585938,2.5327529907226562,2.3889923095703125,2.3698043823242188,2.6669387817382812,3.3163681030273438,4.213287353515625,5.373748779296875,6.295066833496094,6.9058380126953125,7.3603363037109375,7.390388488769531,6.872047424316406,6.793037414550781,7.257270812988281,7.6992340087890625,8.026634216308594,7.739173889160156,7.111488342285156,6.547248840332031,6.2614288330078125,6.283348083496094,6.394554138183594,6.18023681640625,5.748115539550781,5.399383544921875,5.184074401855469,5.264869689941406,5.9420928955078125,6.592437744140625,7.049224853515625,7.395118713378906,7.6527252197265625,7.828765869140625,7.774200439453125,7.865791320800781
9.918693542480469,11.055137634277344,11.562767028808594,12.038589477539062,11.875900268554688,10.764976501464844,8.848922729492188,6.977760314941406,6.181373596191406,5.531074523925781,5.629341125488281,5.846672058105469,6.068572998046875,6.56292724609375,6.712745666503906,6.446296691894531,6.0852813720703125,5.517372131347656,4.5221710205078125,3.0828628540039062,2.3985443115234375,2.339691162109375,2.6752700805664062,3.18914794921875,4.0049591064453125,5.129547119140625,6.020957946777344,6.709716796875,6.9185638427734375,7.256660461425781,6.7013092041015625,6.555458068847656,6.699920654296875,7.113677978515625,7.6258087158203125,7.5283203125,7.1590728759765625,6.679924011230469,6.3575897216796875,6.310356140136719,6.43212890625,6.277290344238281,5.954505920410156,5.569862365722656,5.283843994140625,5.2644500732421875,5.782814025878906,6.3824920654296875,6.7879180908203125,7.268638610839844,7.424751281738281,7.607505798339844,7.5459136962890625,7.596839904785156
9.918693542480469,11.432273864746094,13.62396240234375,14.512786865234375,14.017425537109375,12.132591247558594,9.80035400390625,8.066078186035156,7.069099426269531,6.215721130371094,6.1139984130859375,6.313453674316406,6.211860656738281,6.3813323974609375,6.648170471191406,6.634498596191406,6.2845916748046875,5.950004577636719,5.365486145019531,4.389007568359375,3.3034286499023438,2.9057159423828125,3.0238418579101562,3.3476028442382812,4.018745422363281,4.934883117675781,6.024810791015625,7.0821990966796875,7.129539489746094,7.164100646972656,6.758293151855469,6.2976531982421875,6.109130859375,6.444664001464844,6.989036560058594,7.092216491699219,7.003265380859375,7.367301940917969,6.6812591552734375,6.525474548339844,6.4794158935546875,6.377922058105469,5.830116271972656,5.176078796386719,5.43402099609375,5.348320007324219,5.763771057128906,6.2961883544921875,6.742950439453125,7.1919403076171875,7.372688293457031,7.398292541503906,7.309226989746094,7.3033599853515625
2.7088851928710938,4.202186584472656,6.5856475830078125,8.672691345214844,9.946647644042969,10.306915283203125,9.95001220703125,9.258926391601562,8.397666931152344,7.660377502441406,7.533203125,6.903846740722656,6.13250732421875,5.821372985839844,5.970680236816406,5.9780731201171875,6.017005920410156,5.877899169921875,5.448738098144531,4.905967712402344,4.2971038818359375,3.8421630859375,3.7367172241210938,3.9878997802734375,4.409889221191406,5.048057556152344,5.527168273925781,6.880226135253906,7.401023864746094,7.318916320800781,6.9089202880859375,6.471229553222656,5.9938812255859375,5.9969482421875,6.369804382324219,6.843315124511719,7.2469024658203125,7.177070617675781,6.7913818359375,6.539497375488281,6.498512268066406,6.516853332519531,6.209541320800781,5.446067810058594,5.0887298583984375,5.446647644042969,5.729942321777344,6.2035675048828125,6.6224212646484375,6.9904937744140625,7.132110595703125,7.150093078613281,6.9732513427734375,6.769844055175781
-0.521148681640625,0.5607147216796875,3.2405929565429688,5.680084228515625,6.995582580566406,7.9099273681640625,7.994514465332031,7.7558746337890625,7.238731384277344,6.843055725097656,6.8755950927734375,6.914825439453125,6.398643493652344,6.13720703125,6.10870361328125,6.219757080078125,6.3475799560546875,6.336517333984375,5.9541015625,5.46636962890625,5.0937042236328125,4.610221862792969,4.2544403076171875,4.22784423828125,4.491111755371094,4.655311584472656,5.287605285644531,6.324760437011719,7.063629150390625,7.292976379394531,6.819236755371094,6.494804382324219,5.870750427246094,5.6391143798828125,4.767448425292969,5.870216369628906,6.492973327636719,6.7813568115234375,6.711273193359375,6.455558776855469,6.413749694824219,6.512603759765625,6.460838317871094,5.7408905029296875,5.1746673583984375,5.234687805175781,5.6865386962890625,5.907218933105469,6.321846008300781,6.663787841796875,6.902534484863281,7.002204895019531,6.734619140625,6.3861541748046875
-2.0300827026367188,-1.7929153442382812,-0.58575439453125,0.8674468994140625,2.059722900390625,3.3972396850585938,4.547843933105469,5.562225341796875,6.295845031738281,6.114356994628906,6.177955627441406,6.552520751953125,6.2494354248046875,6.287818908691406,6.443351745605469,6.358009338378906,6.122749328613281,6.1666107177734375,6.150794982910156,5.8444976806640625,5.3615264892578125,5.048057556152344,4.7093048095703125,4.6641693115234375,4.785774230957031,4.1739959716796875,4.720771789550781,5.634422302246094,6.4002838134765625,6.847358703613281,6.6587982177734375,6.3265380859375,5.678070068359375,5.3547515869140625,4.582130432128906,5.206169128417969,5.742576599121094,6.252571105957031,6.437858581542969,6.308555603027344,6.2485198974609375,6.421272277832031,6.452789306640625,5.812652587890625,5.104804992675781,4.820793151855469,5.146995544433594,5.486412048339844,5.847557067871094,6.193733215332031,6.525032043457031,6.6153411865234375,6.363334655761719,6.125221252441406
1.1711959838867188,0.13339996337890625,-0.2365570068359375,0.94976806640625,1.7391815185546875,3.2183074951171875,4.474342346191406,5.88409423828125,6.6345367431640625,6.5201873779296875,6.314598083496094,6.5070343017578125,6.343055725097656,6.073310852050781,5.929412841796875,5.919258117675781,5.8698883056640625,5.7929840087890625,5.845939636230469,5.6633453369140625,5.285011291503906,4.9245758056640625,4.635124206542969,4.6545867919921875,4.681434631347656,4.150138854980469,4.465553283691406,5.17864990234375,6.109077453613281,6.550880432128906,6.807563781738281,6.618049621582031,5.84185791015625,5.5321044921875,4.481231689453125,4.681983947753906,4.938262939453125,5.6662750244140625,6.082191467285156,6.047340393066406,5.979316711425781,6.2100982666015625,6.393035888671875,5.819000244140625,5.118316650390625,4.5780181884765625,4.563240051269531,4.881736755371094,5.409324645996094,5.862213134765625,6.3965606689453125,6.7171478271484375,6.733642578125,6.792488098144531
0.7797164916992188,-1.46624755859375,-2.2098846435546875,-1.1933441162109375,-0.178375244140625,1.54229736328125,3.0356216430664062,4.766021728515625,5.81396484375,6.1822052001953125,6.199058532714844,6.698944091796875,6.6099395751953125,5.89141845703125,5.37298583984375,5.182319641113281,5.230461120605469,5.563873291015625,5.767601013183594,5.349967956542969,4.7955780029296875,4.438468933105469,4.327445983886719,4.304374694824219,4.3486328125,4.135169982910156,4.2599029541015625,4.575691223144531,5.543861389160156,6.2983245849609375,6.6548614501953125,6.538902282714844,5.979820251464844,6.122894287109375,4.90692138671875,4.4689178466796875,4.672721862792969,5.258209228515625,5.779716491699219,5.800666809082031,5.76513671875,5.816230773925781,6.4180145263671875,5.972900390625,5.4573822021484375,4.748558044433594,4.340827941894531,4.260223388671875,5.2608642578125,5.633003234863281,6.3153228759765625,6.90338134765625,7.303985595703125,7.318229675292969
0.6381378173828125,-3.702362060546875,-6.525917053222656,-5.619560241699219,-4.724037170410156,-1.6902923583984375,0.7942962646484375,3.6370773315429688,5.0161590576171875,5.909767150878906,6.313789367675781,7.0785980224609375,7.551475524902344,6.7993011474609375,5.631202697753906,4.975990295410156,4.949615478515625,5.597114562988281,6.086067199707031,5.7298126220703125,4.789283752441406,4.137107849121094,3.991424560546875,4.169990539550781,4.1647186279296875,3.9267807006835938,3.9692153930664062,4.233116149902344,5.1998443603515625,6.210906982421875,6.597625732421875,6.648193359375,6.2490234375,6.165184020996094,5.077781677246094,4.3560943603515625,4.4566650390625,5.129463195800781,5.53643798828125,5.572113037109375,5.5420074462890625,5.540565490722656,6.1769561767578125,6.1103363037109375,5.7571563720703125,5.454315185546875,4.841682434082031,4.592987060546875,5.259452819824219,5.493507385253906,6.127372741699219,6.861640930175781,7.5815582275390625,7.823638916015625
-3.6060256958007812,-4.1725006103515625,-5.657867431640625,-5.020820617675781,-4.201332092285156,-2.271942138671875,0.18381500244140625,2.52825927734375,3.98126220703125,5.73260498046875,5.509429931640625,5.76312255859375,7.0139617919921875,7.385337829589844,6.443214416503906,4.794219970703125,4.5881805419921875,5.542266845703125,6.8893280029296875,6.9049835205078125,5.830162048339844,4.614021301269531,4.000953674316406,4.10791015625,4.060981750488281,4.620841979980469,3.8479461669921875,3.7599639892578125,4.725883483886719,5.731681823730469,6.301475524902344,6.5146942138671875,6.329078674316406,6.216773986816406,5.461830139160156,4.3433074951171875,4.1298065185546875,4.995491027832031,5.377220153808594,5.4253692626953125,5.406158447265625,5.454032897949219,5.990623474121094,6.2769317626953125,6.194671630859375,6.352653503417969,5.753913879394531,5.5196990966796875,5.498199462890625,5.549995422363281,5.971839904785156,6.5793914794921875,7.474494934082031,7.997169494628906
4.186790466308594,3.7661285400390625,-2.0544052124023438,-3.600433349609375,-3.9604034423828125,-2.3916397094726562,-0.6599578857421875,1.9764862060546875,3.786651611328125,5.654685974121094,5.668975830078125,5.887916564941406,6.744041442871094,7.001472473144531,6.765876770019531,4.923736572265625,3.5985183715820312,3.8020553588867188,5.5474090576171875,6.278602600097656,5.647651672363281,4.506156921386719,4.154151916503906,4.270172119140625,4.45037841796875,4.167304992675781,4.1786651611328125,4.314239501953125,4.768280029296875,6.0906524658203125,6.5663604736328125,6.553306579589844,6.527626037597656,6.430656433105469,5.6663360595703125,3.6435546875,3.7270889282226562,4.840553283691406,5.226043701171875,5.319953918457031,5.347923278808594,5.4228363037109375,5.9758148193359375,6.559425354003906,6.744422912597656,7.087806701660156,6.6157073974609375,6.2750091552734375,6.1516265869140625,5.824981689453125,6.0713043212890625,6.499595642089844,7.371940612792969,8.022430419921875
4.186790466308594,3.7661285400390625,-0.7003402709960938,-2.6655502319335938,-3.4816436767578125,-2.794769287109375,-2.974334716796875,-0.1327972412109375,2.2140579223632812,3.6440658569335938,3.6555252075195312,4.497154235839844,6.088508605957031,7.009407043457031,7.068046569824219,5.428901672363281,2.8050765991210938,2.7665786743164062,4.754875183105469,5.8591461181640625,5.3044281005859375,3.567901611328125,2.9007492065429688,2.8238296508789062,3.6759872436523438,5.717864990234375,5.0018463134765625,5.50372314453125,5.452781677246094,6.5340576171875,7.740287780761719,7.545295715332031,6.950218200683594,5.969573974609375,4.591278076171875,3.080078125,3.9749526977539062,4.761878967285156,5.1551513671875,5.3386993408203125,5.42266845703125,5.461936950683594,6.073036193847656,6.902069091796875,7.234344482421875,7.661735534667969,7.639640808105469,7.219062805175781,6.433921813964844,5.859916687011719,5.525413513183594,5.744331359863281,6.5869293212890625,7.489662170410156
0.0,0.0,6.082939147949219,2.1021041870117188,0.1609344482421875,0.7988510131835938,0.08353424072265625,4.4892120361328125,5.884185791015625,6.409454345703125,4.666290283203125,3.345245361328125,4.223915100097656,2.9598464965820312,1.4731979370117188,1.6690139770507812,-0.847869873046875,-1.810546875,1.7357025146484375,4.298835754394531,5.2259368896484375,4.0383758544921875,3.2912445068359375,3.5692520141601562,4.354362487792969,1.8524093627929688,1.1761245727539062,0.5083389282226562,1.1007003784179688,3.6196441650390625,5.949378967285156,7.301567077636719,6.708137512207031,12.64447021484375,1.566619873046875,5.51263427734375,5.290519714355469,4.663536071777344,5.0735626220703125,5.404945373535156,5.599601745605469,5.673439025878906,6.149681091308594,7.3297576904296875,7.991935729980469,8.081916809082031,8.082473754882812,7.242805480957031,6.476463317871094,5.67791748046875,4.805389404296875,4.451080322265625,4.948753356933594,6.093177795410156
0.0,0.0,0.0,0.0,0.0,0.0,0.0,0.0,0.0,0.0,0.0,0.0,0.0,0.0,0.0,0.0,-4.714691162109375,-8.531227111816406,-6.208274841308594,-2.6101455688476562,-0.45716094970703125,-1.9280471801757812,-1.8496627807617188,-1.4301071166992188,-0.4051513671875,0.0,0.0,0.0,0.0,0.0,0.0,0.0,14.920578002929688,1.4597091674804688,0.0,0.0,0.0,5.0016632080078125,5.177093505859375,5.409767150878906,5.580780029296875,5.62841796875,5.874549865722656,7.093048095703125,7.978584289550781,8.337242126464844,8.608596801757812,7.6709747314453125,6.696784973144531,5.467124938964844,4.263519287109375,3.3446273803710938,3.3661956787109375,4.37060546875
0.0,0.0,0.0,0.0,0.0,0.0,0.0,0.0,0.0,0.0,0.0,0.0,0.0,0.0,0.0,0.0,0.0,0.0,0.0,0.0,0.0,0.0,0.0,0.0,0.0,0.0,0.0,0.0,0.0,0.0,0.0,0.0,0.0,0.0,0.0,0.0,0.0,6.117988586425781,5.609092712402344,5.7210235595703125,5.6533966064453125,5.56488037109375,5.6751556396484375,6.54156494140625,7.472892761230469,8.547103881835938,9.458541870117188,8.385505676269531,7.6475067138671875,5.991371154785156,4.149444580078125,2.8591690063476562,2.090789794921875,2.3956756591796875
0.0,0.0,0.0,0.0,0.0,0.0,0.0,0.0,0.0,0.0,0.0,0.0,0.0,0.0,0.0,0.0,0.0,0.0,0.0,0.0,0.0,0.0,0.0,0.0,0.0,0.0,0.0,0.0,0.0,0.0,0.0,0.0,0.0,0.0,0.0,0.0,0.0,0.0,6.374382019042969,6.51019287109375,5.842079162597656,5.7325286865234375,5.7441864013671875,6.157218933105469,6.689720153808594,7.887321472167969,8.127647399902344,8.789482116699219,8.6572265625,7.234245300292969,4.748512268066406,2.4134368896484375,1.6024932861328125,1.3213958740234375
0.0,0.0,0.0,0.0,0.0,0.0,0.0,0.0,0.0,0.0,0.0,0.0,0.0,0.0,0.0,0.0,0.0,0.0,0.0,0.0,0.0,0.0,0.0,0.0,0.0,0.0,0.0,0.0,0.0,0.0,0.0,0.0,0.0,0.0,0.0,0.0,0.0,0.0,7.062187194824219,6.7633056640625,5.877525329589844,5.90203857421875,5.7974853515625,5.986915588378906,6.7328643798828125,7.316734313964844,8.024612426757812,8.775299072265625,9.427749633789062,8.931083679199219,6.475372314453125,3.0466079711914062,0.9100341796875,0.12439727783203125
0.0,0.0,0.0,0.0,0.0,0.0,0.0,0.0,0.0,0.0,0.0,0.0,0.0,0.0,0.0,0.0,0.0,0.0,0.0,0.0,0.0,0.0,0.0,0.0,0.0,0.0,0.0,0.0,0.0,0.0,0.0,0.0,0.0,0.0,0.0,0.0,0.0,7.02593994140625,6.721321105957031,6.4232635498046875,6.372764587402344,6.017997741699219,6.02545166015625,6.063102722167969,6.525428771972656,7.065818786621094,7.8856658935546875,8.789100646972656,10.032463073730469,10.501480102539062,9.353721618652344,5.8428497314453125,1.9458541870117188,-0.5208282470703125
