retreat_center.json
{"header": {"parameterUnit": "m.s-1", "parameterNumber": 3, "dx": 0.0028102842012742713, "dy": 0.0022527272070647086, "parameterNumberName": "northward_wind", "la1": 37.178740226722006, "la2": 36.91067072812418, "lo1": -76.4661180014593, "lo2": -76.131692282742, "nx": 120, "ny": 120, "parameterCategory": 2, "refTime": "2023-06-24 19:15:45"}, "data":
[rows 22 to 43 of 120, columns 0 to 48 of 120]
0.0,0.0,0.0,0.0,0.0,0.0,0.0,0.0,0.0,0.0,0.0,0.0,0.0,0.0,0.0,0.0,0.0,0.0,0.0,0.0,0.0,0.0,0.0,0.0,0.0,11.682990036134939,13.75029997389995,13.127492816168465,0.0,0.0,0.0,0.0,-1.528050647005649,-1.426534220871478,-0.7203648874064952,3.0830757649828815,-1.0598725551652866,1.1032028028169079,0.3239370803211432,0.24321218314687107,0.47139924263512717,0.9652918455091348,0.6885717765746103,-0.7343468924900031,-2.200339982970943,-0.09696024141865833,1.5977680592925116,1.9270567902964963,3.2255304048540174
0.0,0.0,0.0,0.0,0.0,0.0,0.0,0.0,0.0,0.0,0.0,0.0,0.0,0.0,0.0,0.0,0.0,0.0,0.0,0.0,0.0,0.0,0.0,0.0,0.0,10.274862511558496,12.09261486730157,9.663718794857292,8.624717162078575,0.0,-13.291017506117537,-11.908709416301036,-0.6511324645659877,-0.5139814150353016,0.2977534926365057,1.769498404102064,0.7736933040778934,1.8863816415302226,1.1118852714481358,1.0545627522826795,1.4792965720299085,2.0227093235905125,2.231179150622935,0.748307299439003,-1.8835015630691387,-0.15011615952013932,1.1954679445245258,1.1833819265988241,2.485181872807886
0.0,0.0,0.0,0.0,0.0,0.0,0.0,0.0,0.0,0.0,0.0,0.0,0.0,0.0,0.0,0.0,0.0,0.0,0.0,0.0,0.0,0.0,0.0,0.0,0.0,10.511657853504312,12.329410209247396,9.325320098646241,7.883138684878713,9.04886591627659,-1.1561917517368558,-12.566953119403777,-0.35810486716131834,0.20064336820137404,0.8223261103367512,2.1011572250261272,1.423258428505399,2.7559666303491412,1.9254173891569315,2.062131609975322,2.4649688321361785,3.196334267403514,3.883567598347877,1.6247320828275882,-1.1256886071021666,-0.011008292962882485,1.1254505602016562,1.0053863427615004,1.5973248776657427
0.0,0.0,0.0,0.0,0.0,0.0,0.0,0.0,0.0,0.0,0.0,0.0,0.0,0.0,0.0,0.0,0.0,0.0,0.0,-10.14542897275509,-7.873820143867916,-8.256638718435978,-7.151231685935374,-6.623040388192838,-6.623040388192838,9.345971121680526,11.163723477423778,8.184301655567536,6.592726641129442,6.515256384001133,0.7279556688420161,-8.397444643388463,-1.3217644855384314,-0.687321506304192,0.1433610621618482,1.2296168403482788,0.7753194352600794,2.4116018020851424,2.523465397550149,2.7744692011079355,3.5549806674131244,4.002154314479179,4.891784288437393,3.7512430217169372,-0.26346160542156655,0.10170802688696741,1.0565401611261496,0.9067883142063555,1.125218754614722
0.0,0.0,0.0,0.0,0.0,0.0,0.0,0.0,0.0,0.0,0.0,0.0,0.0,0.0,0.0,0.0,0.0,0.0,0.0,-5.86518494903173,-4.74179566827668,-5.373339877565415,-4.550980051853763,-6.977127028041006,-7.042391578444741,-1.6234498604215142,9.025236275688455,8.077054253567486,6.6137711553428105,6.493710652295377,2.378357810374626,-1.3497181121111013,-1.8522428783854195,-1.193748632727352,-0.6147221019669427,0.1686251253196008,-0.08210960618185206,0.6847050547384667,1.4711349493492965,2.257410621044962,3.2516680648252922,3.433254222174357,4.590599323569425,3.773150197394155,0.7517569736604022,0.47500231799332476,1.0404113874414034,0.9757709230577583,1.1387243297382201
0.0,0.0,0.0,0.0,0.0,0.0,0.0,0.0,0.0,0.0,0.0,0.0,0.0,0.0,0.0,0.0,0.0,0.0,0.0,-0.8643697289184344,-1.3156485601041876,-2.431132940796714,-1.9931527383221985,-3.1727155100156814,-8.85079088192934,-5.51553666720563,2.911756185560188,4.014993533572714,7.800384424952365,7.942816931833748,4.231500919436171,1.8114883158171617,0.8104859924730918,-1.3032027784278477,-1.2243607898914048,-0.9802027890914714,-1.0200171337112995,-0.001436555122001739,0.801931109425034,1.7297018394159012,3.168088046531961,3.671124567635456,4.749414660642877,4.409725504452793,1.9939856071808448,1.0003534490564898,1.226937945789914,1.0722876283288416,1.0066814845443903
0.0,0.0,0.0,0.0,0.0,0.0,0.0,0.0,0.0,0.0,0.0,0.0,0.0,0.0,0.0,0.0,0.0,0.0,0.0,0.6319382181729197,-0.24961294927594674,-1.543140419726816,-1.2678748518651104,-1.8813840176344923,-4.585697595251921,-4.8648311832281115,1.184792250087265,1.6461632473333427,3.9716701010477897,6.064358299159993,2.7782817357762135,0.43357422096020976,-0.3766946651476953,-1.68036037719478,-2.3382438755816164,-2.5879830094651917,-2.3476885349708096,-1.173177414578462,0.04969981403654285,1.0368410229080445,2.5536590343980508,3.5992920904368453,4.4854923874443395,4.333034837816682,2.4334820258204144,1.1970075493805095,1.1482947182938585,0.9450634855221399,0.776081190927373
0.0,0.0,0.0,0.0,0.0,0.0,0.0,0.0,0.0,0.0,0.0,0.0,0.0,0.0,0.0,0.0,0.0,0.0,7.234267977002726,0.04573907882568238,-0.6197892182309653,-1.8094077599359992,-1.4737512740061336,-1.8366129826634023,-3.8090101044642686,-3.398718050655034,1.02224719030301,1.966607116418305,3.5235547992975587,4.548254659886602,2.487249322085047,-0.09450348919601183,-0.5278988337951138,-1.2672372947816257,-1.9898169112030304,-2.8022976014829,-2.371947382398586,-1.353170297240246,-0.48702133435710904,0.662426808659279,1.7207363219804925,2.7613611327782914,3.8425726149918407,3.5617917884809676,2.4393873268370436,1.3476094831936487,1.0025639615800792,0.8066970480606819,0.6282083751914342
0.0,0.0,0.0,0.0,0.0,0.0,0.0,0.0,0.0,0.0,0.0,0.0,0.0,0.0,0.0,0.0,0.0,0.0,7.234267977002726,0.624746337130456,-0.42298680128231964,-1.6060596686887019,-1.245610327688551,-1.3223787486121346,-2.8091825477107406,-3.4818014178342964,1.3338541824421517,2.309847211496955,3.309271062670095,5.0256015625420805,3.374298690666184,0.523955752784427,-1.0148902731409744,-1.412663878074222,-2.721975067755003,-3.6756243096219223,-3.3174788163565547,-2.315442118509564,-1.4907302428166416,-0.21228952369359277,1.0187342228330125,1.9031934120256175,2.9858818876649678,2.8694198638567996,2.254032089622992,1.144031549726904,0.8644115160317317,0.7235703854009887,0.6171861124473205
0.0,0.0,0.0,0.0,0.0,0.0,0.0,0.0,0.0,0.0,0.0,0.0,0.0,0.0,0.0,0.0,0.0,0.0,15.404983880974143,0.0,2.7773921941884208,-1.5708706758160265,-1.6330447111863307,-1.8998439334695085,-3.5225183790840937,-4.221256981331136,-2.711047852717805,-0.7535504921558107,-0.08751729255510217,2.176488178102374,3.048531307064929,0.8331318545547732,-0.27141890659267054,-0.7742618890913786,-1.898551016432072,-3.6009529618296447,-3.3188931228212946,-3.4477180184712846,-2.863732545904833,-1.8084190615161044,-0.6416446929841413,-0.1761219054954653,0.8313800613904283,1.2849260526947395,1.2966966133029463,0.6388564952161461,0.5813570543671803,0.7334222216592201,0.7668640417896464
0.0,0.0,0.0,0.0,0.0,0.0,0.0,0.0,0.0,0.0,0.0,0.0,0.0,0.0,0.0,0.0,0.0,0.0,15.404983880974143,0.0,14.96689573100393,-0.42817203727539976,-2.487419958605753,-3.0618736434536675,-4.894327013758205,-5.56349521913134,-4.483931555173754,-3.637459198911667,-2.567967449482741,-0.48179295909268366,0.8534242362787264,0.5080955983962588,-0.12996602318955103,-0.3234339047713948,-1.2920988587888778,-3.077020166494197,-3.1270856335121198,-3.510681930303989,-3.6784144202929507,-3.072691363426773,-2.054283048724608,-1.4809806848627687,-0.9487372322049682,-0.36418563665647424,0.019622945537271605,-0.03315615054228073,0.43031340971467735,0.7494751830733187,0.8807780972799165
0.0,0.0,0.0,0.0,0.0,0.0,0.0,0.0,0.0,0.0,0.0,0.0,0.0,0.0,0.0,0.0,0.0,0.0,15.404983880974143,0.0,14.96689573100393,8.88824512216857,0.3796118048374903,-1.9975540970584578,-4.8744465384209255,-5.558480110108901,-4.460924167127528,-3.9028707198669332,-3.983224066349716,-1.7591133195152342,-0.7703877611725787,-0.34489915685043787,-0.5551645526749278,-0.2591084731215179,-0.647442650333013,-2.4489277692456253,-2.8918194904742145,-3.072545988950502,-3.212984881664424,-3.1341028527140185,-2.617233557453441,-2.096171729331229,-1.788733280997275,-1.2672152416829643,-0.6558713326857694,-0.49380909122826,0.25658455763397175,0.724981410959478,0.9648608681897967
0.0,0.0,0.0,0.0,0.0,0.0,0.0,0.0,0.0,0.0,0.0,0.0,0.0,0.0,0.0,0.0,0.0,0.0,0.0,0.0,16.122762340813726,0.0,0.0,-3.58453509650635,-6.571871965383382,-6.321450679857072,-4.670404845843403,-3.9579601178282338,-5.652225417193954,-3.701506409553005,-2.467607801187565,-1.7495699257091872,-1.0617420744002235,-0.7551281805751021,-1.2883388910390523,-2.3460731825771637,-2.7320622643308807,-2.630888180638454,-2.6237166413584028,-2.7324114330779725,-2.731516324551687,-2.5317503207358842,-2.299478223371807,-1.8912006584944938,-1.3193527980133748,-1.0713247132857215,-0.0932068458330706,0.4915396713030815,0.8522274248789709
0.0,0.0,0.0,0.0,0.0,0.0,0.0,0.0,0.0,0.0,0.0,0.0,0.0,0.0,0.0,0.0,0.0,0.0,0.0,0.0,0.0,0.0,0.0,0.0,-8.423316520489637,-6.918409868696016,-4.6179319731901645,-3.4628521912128734,-5.124928182647655,-4.161854068396225,-2.9475571411956465,-1.8360257727967835,-0.8368309764085604,-0.4569819277070726,-0.8544117492681352,-1.2166713871740462,-1.8196010018859614,-1.8445823968022557,-2.1327106883776206,-2.4747752614636207,-2.841898794152289,-2.8663518648507695,-2.79564193754991,-2.173321700007389,-1.508267610469189,-1.3865848888581016,-0.5871111691438333,0.24592492522733647,0.6244982401313836
0.0,0.0,0.0,0.0,0.0,0.0,0.0,0.0,0.0,0.0,0.0,0.0,0.0,0.0,0.0,0.0,0.0,0.0,0.0,0.0,0.0,0.0,0.0,0.0,-7.453579488947014,-5.115754136082094,-2.689049379815521,-1.1443693238202577,-2.815852658200473,-2.517100472370111,-1.8286775660782373,-1.2324939230821812,-0.2631060434785074,0.19351948048271086,-0.0006902915621590664,0.24445860425858,-0.365840364164888,-0.5726398908617865,-0.8430590178838834,-1.3634116347347773,-2.104228585441549,-2.669475128022964,-2.984983792144871,-2.5052690072086197,-1.908495555211675,-1.7617056005873424,-0.971033322952342,-0.20432557714564853,0.3240820934429471
0.0,0.0,0.0,0.0,0.0,0.0,0.0,0.0,0.0,0.0,0.0,0.0,0.0,0.0,0.0,0.0,0.0,0.0,0.0,0.0,0.0,0.0,0.0,0.0,0.0,-9.14091722858086,-4.6883209343714185,-1.7045727435526412,-3.569561584467199,-4.820116758389842,-2.9859774433981774,-1.9608853688411096,-0.5906242334185233,0.27705234559337766,0.6984961319349624,0.9863588238338312,0.718068767322461,1.032838410208339,0.6458749821019873,-0.1072276297406808,-1.0922332154151395,-2.1907467121213635,-3.0616646119937228,-2.856961743583745,-2.457357759825378,-2.3049321433572705,-1.6864260271865186,-0.7829593959868593,0.01211806979560823
0.0,0.0,0.0,0.0,0.0,0.0,0.0,0.0,0.0,0.0,0.0,0.0,0.0,0.0,0.0,0.0,0.0,0.0,0.0,0.0,0.0,0.0,0.0,0.0,0.0,0.0,-7.505708720023271,-2.571862011508482,-4.622081244507602,-6.114864305912457,-4.091721167482881,-0.8325667495106756,0.3738915046958384,1.5512749946596804,1.9637728978174844,2.44957924522642,1.8750875836114336,2.354675724494755,1.8816224822225212,0.9150268470915257,-0.39532706886035973,-1.6097938279374535,-2.89240576469573,-3.010171935368945,-2.9331375718125483,-2.619163353058207,-1.9282237023558864,-1.2649923477976266,-0.3947289471194573
0.0,0.0,0.0,0.0,0.0,0.0,0.0,0.0,0.0,0.0,0.0,0.0,0.0,0.0,0.0,0.0,0.0,0.0,0.0,0.0,3.4308542574195937,4.62771111382405,6.069542957592761,7.8691423369627636,6.359174475071149,5.063966455034414,5.563728855645853,5.186441412490544,3.603799668395037,0.6332623013102877,-0.29292631388198326,-0.22942886239868215,-1.6042401659428465,-0.5926604042184843,0.911394789390034,2.213078153783551,2.158350364628082,2.5340681909678695,2.3298582840127846,1.5080221529005986,0.3884726229159957,-0.9558034224278784,-2.20662817274529,-2.4319455220151256,-2.689398215749988,-2.551557149795867,-1.7347735177758372,-1.418230829154125,-0.7182352773891154
0.0,0.0,0.0,0.0,0.0,0.0,0.0,0.0,0.0,0.0,0.0,0.0,0.0,0.0,0.0,0.0,0.0,0.0,0.0,0.0,0.0,-0.18812516495870127,4.9288758300262225,4.036330319241599,3.9572183799715352,2.9125996417166156,2.8971640998607406,2.7271439601770022,2.9313900675199402,1.3053349469277424,-0.21497663970048808,-1.4685395955718596,-2.7057347436342916,-3.0020211246926745,-1.424180371511653,-0.16737880463580979,0.526961073075028,1.2134647972196424,0.9766902368226276,0.5344722649473455,0.3032161993704539,-0.37224471277784665,-1.2924400708445098,-1.5600887388964106,-1.9657854341811565,-1.9823629861162764,-1.1128353128259496,-0.988115725145263,-0.6369221327283107
0.0,0.0,0.0,0.0,0.0,0.0,0.0,0.0,0.0,0.0,0.0,0.0,0.0,0.0,0.0,0.0,0.0,0.0,0.0,0.0,0.0,0.0,0.0,-7.132142095013646,-2.413359259762461,-1.5601079303903647,-0.36404336077448074,-0.12050063844810607,1.2691609786676519,1.3761600284423592,0.11394715652985837,-0.9172310027477871,-2.7900142566645356,-3.9632300641653213,-2.6443013834032647,-1.6104881198808316,-0.7502605060232024,-0.20135415323966133,-0.2546086939170199,-0.4068358313086873,-0.33864475795827126,-0.5273094526317638,-0.549716564581425,-0.4918830445640158,-0.9266581804084217,-1.1579600110950254,-0.5419467837190661,-0.4540084535389787,-0.4761864978551913
0.0,0.0,0.0,0.0,0.0,0.0,0.0,0.0,0.0,0.0,0.0,0.0,0.0,0.0,0.0,0.0,0.0,0.0,0.0,0.0,0.0,0.0,0.0,0.0,-19.031645147802433,-6.014603325403813,-3.2039275298770185,-1.9675081911392573,-0.5499052812450088,-0.5645366515069374,-0.7083172333825842,-0.954117322497682,-2.25660085469848,-3.3564922933634986,-2.2966904698736923,-1.2537609658918507,-0.31689476736736916,0.4277446489856883,0.440251867807605,0.0375160311986389,-0.17818174544343302,-0.12515215508195016,0.15282420406471287,0.30624502305324625,-0.11243843031369509,-0.5349913214142435,-0.2518955848485522,-0.25299391920242376,-0.45810315681699676
0.0,0.0,0.0,0.0,0.0,0.0,0.0,0.0,0.0,0.0,0.0,0.0,0.0,0.0,0.0,0.0,0.0,0.0,0.0,0.0,0.0,0.0,0.0,0.0,0.0,-18.628779983225172,-5.125958896734932,-3.948404807411416,-2.984403292635865,-3.114090004390181,-2.834742112393017,-2.7662205117399328,-3.371013522627128,-3.6492995158884862,-2.202382059187471,-0.9402735052298844,-0.005530599490301133,0.7074365478206395,0.7618749479913589,0.47661668846308847,0.45870950824236245,0.6195589242259577,0.783858230483525,0.8495225129040999,0.4814846508278442,0.03342255145707296,0.24971257982224065,0.2146540533564483,-0.20428486024149872
