retreat_center.json
{"header": {"parameterUnit": "m.s-1", "parameterNumber": 3, "dx": 0.0028102842012742713, "dy": 0.0022527272070647086, "parameterNumberName": "northward_wind", "la1": 37.178740226722006, "la2": 36.91067072812418, "lo1": -76.4661180014593, "lo2": -76.131692282742, "nx": 120, "ny": 120, "parameterCategory": 2, "refTime": "2023-06-24 19:15:45"}, "data":
[rows 88 to 109 of 120, columns 49 to 97 of 120]
-0.28249452411712445,-0.3781819831702251,-0.5206760366145481,-0.5184074839676032,-0.49857113469321734,-0.8880330754577074,-1.0340034426056834,-1.1694864373420837,-1.1442288683372468,-1.092143095223982,-1.0621343422416905,-1.033788232910729,-1.0618915795671966,-1.2190820993638969,-1.1566576041874372,-1.0417232109197132,-0.8602729583088986,-0.8104063515299217,-0.720632164213611,-0.6440030379029221,-0.5032329522899269,-0.9015248877468297,-0.8951812645369395,-0.9724683175590128,-0.7735380991467623,-0.49699230384519194,-0.13593041029796812,0.10365586090034282,0.42861539424059003,0.027649052971016507,-0.5484585829535129,-0.9089431357634038,-1.6349932749711253,-2.8548916794029084,-2.9011801204409484,-2.219249184764164,-0.9740067262204721,0.17629374218975818,0.11196973134808651,-1.00606381653807,-2.531086468196502,-3.132194462341864,-3.707794128461061,-4.781827943187437,-4.718830102174044,-2.894506505785909,-2.0629271713690835,-2.9633797573757135,-5.401867717590608
-0.2183792773867196,-0.18944685082838636,-0.5288772115810044,-0.5299188967113262,-0.4693697556127801,-0.8734260046158682,-1.05864672239567,-1.1677258900168024,-1.1290340869781703,-1.0680357577457633,-1.0481569025057305,-1.010670946329474,-1.0324394879958427,-1.237287759902762,-1.1821767329658337,-1.0129476985509853,-0.8373613168487367,-0.7194471800073051,-0.6360487655212796,-0.5316302921823354,-0.2901379048453446,-0.7242115578715758,-0.7857632375006678,-0.9837914378433568,-0.7129448729989878,-0.35854138982277867,0.19556135723708468,0.5623960665013649,1.2430845481419714,1.113645550889717,0.3698896597245018,-0.06012424781482694,-1.103935552599184,-2.0329388188035935,-2.1723194983651797,-1.4481584138994847,-0.32141608792792736,0.9235536830597203,0.8704536098488964,-0.9276237618837561,-2.7588639726935016,-3.717442897097118,-4.360018240634759,-5.204094106962365,-5.699430310242953,-4.507957809065539,-4.783397071055665,-5.2218691400465245,-8.447810977326897
-0.019461478944447903,0.025953057776463073,-0.45893441410410063,-0.4829460503000075,-0.38681083573491915,-0.865755471235393,-1.095248873164065,-1.1019749666887255,-1.0728923316725938,-1.0394024985823354,-0.9989119141592184,-0.9603454335853648,-0.9763281922991116,-1.2312324058142605,-1.1770477401784762,-0.9533702769735483,-0.8259279799890857,-0.6567430287810021,-0.5053575004059858,-0.4152916589958104,-0.17154508714773187,-0.6343010965119535,-0.807220145449123,-1.1777384336130812,-0.9294057086713445,-0.6172585523675052,0.11558486577781375,0.42635562025685236,1.1894616321313927,1.1492390997946496,0.5719221440000987,0.03297351013171006,-1.0624801788086864,-1.7726660807594166,-2.3676197837637067,-1.403817110359331,-0.29955419736308353,0.8551426827020863,0.5548542294958935,-1.1923178115197077,-2.7377996848247648,-3.8130553817322,-4.103211917926333,-4.531342075972055,-4.308663725845341,-3.94529337059246,-3.5724843172533887,-3.881707145261444,0.0
0.3423052273294385,0.3751672918315229,-0.2614539746225124,-0.29892781344807423,-0.2624575588348327,-0.7996238111915154,-1.038936492410141,-0.9957751771894073,-0.9674441437688367,-0.9578552130925682,-0.9065098267511719,-0.8748417002443036,-0.8879516122057733,-1.1614485530842846,-1.0771113932846017,-0.8611038148695073,-0.7568206106071974,-0.5987599900562877,-0.5282465563602753,-0.4645572927942455,-0.19703810353492343,-0.45184904489321936,-0.6678724370252705,-1.1268848954649504,-1.0519112760768663,-0.7254813556226174,0.2674424852509781,0.7115386761498088,1.4430439056981603,1.9459465515718768,1.065208257582031,0.5141743403847565,-0.3351460093881601,-1.41654840500736,-2.0733405038932524,-1.4856521950971755,-0.36747377271612497,1.021568906595626,1.6178696615332901,-0.6395418296203021,-2.2421227443166467,-1.7723827829073624,-2.0343270704102623,-2.328507164208011,-1.7164936396069619,-0.5700438279573347,2.1785272867675984,2.777682245883862,0.4046158430958253
0.4261676628171652,0.5532432324471255,-0.04774718786184782,-0.11813366660769782,-0.15572160708418475,-0.7475859422081248,-1.0296460073457672,-0.9073249437398729,-0.851528547459461,-0.8595447141803404,-0.8103323759093547,-0.8058098085732028,-0.8187239879873682,-1.115313502982133,-1.0059451102796495,-0.7448901953782976,-0.6594071935078415,-0.5486978132454639,-0.5697372151001306,-0.6069752577701074,-0.2549215152140079,-0.33139460332092335,-0.5438479448040859,-1.220270857787477,-1.144446318359757,-0.7605890459665686,0.5437479590264653,1.0940933417902756,1.8387942298564381,2.6623861733566034,1.4986288703794572,0.6650328772588843,-0.27629883506878217,-1.2810986821477273,-1.9659042121764927,-1.828188396161877,-0.9474637159910887,0.688739153342087,1.8119786026325422,0.1473612836341906,-1.4988109436678936,-1.150834839260295,-0.9131484123751616,-1.2015377676064545,-0.5491014258342769,0.43941737922385804,5.393018438483482,5.393018438483482,4.358669780619844
0.48493858048088917,0.6910256690620037,0.08038418068035492,-0.020068970892929062,-0.037538897064773626,-0.6721167169428539,-0.9716163103981958,-0.8299498999614301,-0.7502104450935363,-0.7777036326187865,-0.7369019127640737,-0.7344351399675333,-0.7563908060145028,-1.082368694983173,-0.916259618979716,-0.6991829032029607,-0.6237048089940934,-0.6002490421836902,-0.5965866990218589,-0.6557007996342359,-0.2622546522824694,-0.1621933583387655,-0.4320343982286308,-1.0801699363394943,-0.9680496712570239,-0.6549051395574529,0.7845578759659285,1.5261200521677887,2.2353307432004925,3.3953322192360202,2.1645550146950647,0.7706372426581463,-0.3214312989300545,-1.4152275091879714,-2.282654556827621,-2.625582851867351,-2.2832715938113592,-1.4443293020894175,1.0167924595125013,-0.06372951363666515,-2.018739954174213,-2.1949400119143827,-1.000396763801216,-1.8920800642889264,-1.9186906245176645,-1.3118644238676263,-0.6760778856578803,-0.6760778856578803,-0.6760778856578803
0.6934589517209465,0.910002532861703,0.1734095703053588,0.07987471957437435,-0.07102283783741335,-0.6949589348872999,-1.0691579340055835,-0.7998069057099362,-0.682261793297639,-0.7004944729565568,-0.6703158102468068,-0.6699996279907501,-0.7019613567917066,-1.032613610598734,-0.8641582412372187,-0.607777109796969,-0.5885431409952023,-0.6273395697467687,-0.6270529593945553,-0.7031668425416389,-0.26655430680067627,0.07415406700806942,-0.0034037291292738393,-0.7810599563340662,-0.6460058946689861,-0.34903638956949345,1.0687320752140355,1.8872530690244234,2.4064304418920672,3.9814634949046126,3.4497402467694904,1.6061126712810916,0.05470753227310506,-1.2403051714996116,-2.7724800247989774,-3.4572869744604153,-3.7648119903571966,-3.732071954320293,-0.6685269996168701,-2.1973344563622947,-4.376330243116645,-4.807958780628376,-4.090869342627283,-1.3315937610424877,-0.3680182289931306,-1.2024058608213817,0.0,0.0,0.0
1.0008769216521765,1.1557792658985169,0.36650249954854525,0.1083278374220517,-0.18174433824230865,-0.8761561082767835,-1.1202276056214693,-0.6958823309747696,-0.5448599351327845,-0.5808537470357691,-0.5561374723726618,-0.5888911673019949,-0.6032566273281664,-0.8943786681921223,-0.7017929268344221,-0.44292911049508155,-0.5415933018905305,-0.6137264381580243,-0.6386839783869399,-0.8615948744392072,-0.37510648206184566,0.17577726171687139,0.27563305190568155,-0.5712373940908961,-0.4491744694902364,-0.162668234395327,1.251283414239086,1.8347279057141201,2.3036825803769574,3.719764110137483,3.727245243506353,2.9668817649664367,1.0524573758433518,-0.2539507243224895,-1.9787361244176929,-2.8957259220452785,-3.5124902029001417,-3.6455430766670336,-1.488673312074034,-3.170308880710179,-5.555998855458267,-6.356008145159644,-6.487414840689415,-6.479798561136427,7.254623950836982,0.0,0.0,0.0,0.0
0.9459070166356153,1.0693872044026602,0.34333496071143915,-0.03517884418015338,-0.3378490023413157,-0.6853671316207026,-0.7851218427155007,-0.47445145297453817,-0.36930417038506813,-0.4032705267892756,-0.43204739918853907,-0.4780705561504225,-0.43414587230558555,-0.527458752196354,-0.40863344327401163,-0.37716938431245833,-0.5560948977027418,-0.6649909334485092,-0.7402635313941262,-1.0150529300007844,-0.42898261863832815,0.24464594186649744,0.9335185035017509,-0.04238623600998004,-0.26419408132997635,-0.3711969950166532,1.119202894006406,1.119990851847537,1.0121638553475327,2.607204801508269,2.00405338039353,3.451185105693266,2.0699392504310614,1.3462080730049029,-0.8291548899053436,-1.5382566366598232,-3.1863725025612917,-3.6515567461473437,-1.7963774512007156,-4.120003606453487,-7.146095011399207,-8.351141649881187,-9.341782919000012,-10.186429717507822,-7.775001832162056,0.0,0.0,0.0,0.0
0.6568456139346043,0.8167350053376505,0.4205362339652856,-0.07597653990305557,-0.4102638501511377,-0.5067990908866001,-0.5067990908866001,-0.3053974779843246,-0.21226131848647867,-0.252299028591587,-0.30181200514046264,-0.3725388907585879,-0.31118503354724036,-0.14643183152782774,-0.13018266584475782,-0.18359736015594647,-0.3616613064154185,-0.6600788199268268,-0.779875097738495,-1.2617908583772304,-0.6426747283398779,0.016801428375960246,1.3329022758678213,0.0343419272488172,-0.07333913884281651,-0.37472035966468903,0.9202697645537813,0.8003684798274137,0.060248717378025396,1.6152355133503502,0.717304054978192,3.5034771219461645,1.9558833396968844,1.4973257172095846,0.42833562200399644,-0.5090033526753308,-2.5166606668716414,-3.4655848073857167,-1.4444766041796233,-3.618751643244884,-6.907233302034431,-8.250283329631953,-9.256088304929076,-10.384058153221641,-8.749017259031104,0.0,0.0,0.0,0.0
0.4496908445711256,0.8101725066945598,0.6057609191645376,-0.02406499096244715,-0.503656360750702,-0.503656360750702,-0.503656360750702,-0.298590952264153,-0.16702295039141563,-0.1922451827357326,-0.23932053396373204,-0.3484518984751987,-0.2852268932731798,-0.030302539800921516,-0.030302539800921516,-0.038973843931693786,-0.10897135875274852,-0.6021667539882126,-0.6911426522898879,-1.4255402981204561,-0.6234118510582468,-0.0573574577314022,1.5292302483460685,0.6943051138177269,0.4655204144700694,0.05750489847686249,0.8926262095470319,0.8696474368910659,-0.5363868214900651,0.7695154011165891,-0.22364356146939113,1.3995628593622242,1.5807609769582127,1.2973223621182144,0.7029683663051594,0.14353119064341882,-2.446862528115811,-4.23738460649486,-1.7989601822395511,-4.425242683458761,-9.085200864159834,-10.684628679771908,-12.050479476157056,-13.56096580542472,-12.626227731886747,0.0,0.0,0.0,0.0
0.07793781808957383,0.8539657986037495,0.7406392358090365,0.01655286959574654,-0.47005319683127217,-0.47005319683127217,-0.47005319683127217,-0.413695000308105,-0.2104793859072391,-0.23204677442262212,-0.2567822692346158,-0.3928900432854788,-0.33469836246973866,-0.04254474038970161,-0.04254474038970161,-0.04254474038970161,-0.014056913542724866,-0.7523045827834017,-0.8428419723003228,-1.8001426375020735,-0.9407062631075508,-0.4764008433928679,1.0590403021421566,1.346446866591159,0.8149716060506762,0.43127747722093257,0.0018187543637538674,0.29228297736784387,-1.1289307199285286,-0.030601802180662295,-1.266812532537603,-0.5557556370056522,2.3862006318115725,1.7110840255498345,1.946108515006085,0.9087203260501115,-1.2554734442253144,-4.166993983784059,-1.1899040677193855,-4.338470356766359,-11.04906501381971,-12.54010319575236,-13.789434590118171,-15.322829622502713,0.0,0.0,0.0,0.0,0.0
-0.6538326279123636,0.6246212009639854,0.7357140021937073,-0.05826532523806941,-0.4147430564693539,-0.4147430564693539,-0.4147430564693539,-0.5508169775760272,-0.27841118832410366,-0.30724295719588407,-0.3105531345461977,-0.47272129445979877,-0.4182255043151587,-0.10154642390602454,-0.10154642390602454,-0.10154642390602454,-0.05872115858415716,-1.007576030143571,-0.8785818702530493,-1.843291538819202,-1.1236550032038115,-0.568532488182409,0.8735355950258242,1.8359094342958069,1.65411926655341,1.5268919120854452,-0.40396237717527383,-0.1282950103499414,-1.3393478967228798,-0.11093040012133173,-1.4432295208838632,-1.3308471152064525,0.789912266436428,2.387690873500165,2.675993671775629,1.5466277787803406,0.24790771318438395,-1.6485540628854074,2.6029158654180695,0.0,0.0,0.0,0.0,0.0,0.0,0.0,0.0,0.0,0.0
-0.6447335609705631,0.6442745540904669,0.6990729534686295,-0.13992127887114622,-0.5314720340100207,-0.5314720340100207,-0.5314720340100207,-0.6954242868662589,-0.4181079296920993,-0.4225657717429203,-0.4274243153453653,-0.5486307155555503,-0.5452220287069133,-0.3003061187609675,-0.3003061187609675,-0.3003061187609675,-0.2952752248490044,-1.2974035304804101,-1.058352354250626,-1.5092371278259875,-1.1354532690555124,-0.3809849306160198,1.4193292290138069,2.33811461820931,2.688770950120789,2.521870531427729,0.9111199977610736,0.0,-1.8007716809905752,0.9577519493785,-1.0018094428155853,-1.34955600453462,-1.5879427400738548,0.0,0.7129525078556337,1.4050529316348965,0.6831984081522534,-0.45519866149881627,3.7962712668048764,0.8144793429487305,0.0,0.0,0.0,0.0,0.0,0.0,0.0,0.0,0.0
-0.5932658859217219,0.9091158802011353,0.9375316997428857,-0.11335067888458335,-0.5093698732049773,-0.5093698732049773,-0.5093698732049773,-0.7456415516475213,-0.503845252137974,-0.503845252137974,-0.4879826567292488,-0.5332897421707906,-0.5552231282489232,-0.36070126673502123,-0.36070126673502123,-0.36070126673502123,-0.3253216136545452,-0.848183868953136,-0.6392525907107433,-0.5262938445067019,-0.5262938445067019,-0.5048262873069466,1.500350108445837,2.229281449027491,2.365149341951839,2.365149341951839,1.3118564605695584,0.0,0.0,2.2864126862540695,-0.6774925634325393,-0.8185673132642991,-0.43786114357762407,0.0,0.0,1.4907317878955766,1.6074741871822775,1.6074741871822775,4.447310624861355,1.4655187010053223,0.0,0.0,0.0,0.0,0.0,0.0,0.0,0.0,0.0
-0.13504838142491302,1.5474927035060007,1.5986287024483359,-0.03163663949290964,-0.2947119088495976,-0.2947119088495976,-0.33130105938263327,-0.5877900453871695,-0.46079269980681803,-0.46079269980681803,-0.3976858391525867,-0.41243130568656056,-0.3935630884836117,-0.22821510257048672,-0.22821510257048672,-0.22821510257048672,-0.2883974092711646,-0.4852034378300176,-0.12789085999156702,-0.7199332112140254,-0.7199332112140254,-0.9726594835829793,1.7034563328771173,2.2529135695376445,2.2705241839935053,2.2815062267708663,1.0068479416882776,0.0,0.0,0.0,-1.9632450839325795,-1.692223309450663,-1.356064131315688,0.0,0.0,5.2010073884521315,5.055594391707176,5.055594391707176,5.055594391707176,0.0,0.0,0.0,0.0,0.0,0.0,0.0,0.0,0.0,0.0
0.3787602078004754,2.5229105293853116,2.331215082050316,-0.10550566682229809,-0.21392901814098725,-0.21392901814098725,-0.2507331691666016,-0.7679110723197788,-0.5489090506302797,-0.5489090506302797,-0.5144167191849532,-0.5241005717331195,-0.46411555413691974,0.0,0.0,0.0,0.0,-2.119169892430014,0.0,0.0,0.0,0.0,2.7854042561708114,2.6573061528987787,2.4218452048442227,2.4252815158955037,0.8601322478043129,0.0,0.0,0.0,-2.5448896343613807,-1.5070019603066875,-1.1708427821717076,0.0,0.0,0.0,0.0,0.0,0.0,0.0,0.0,0.0,0.0,0.0,0.0,0.0,0.0,0.0,0.0
0.0,3.611228243321688,1.7816303955959962,-0.18540541040416586,-0.1802257629738565,-0.1802257629738565,-0.2193278588375407,-0.8121817077382995,-0.5941820520884068,-0.5941820520884068,-0.569552904038702,-0.5795949145569005,-0.4857584984745057,0.0,0.0,0.0,0.0,0.0,0.0,0.0,0.0,0.0,0.0,1.6820966231363044,1.4631134082822603,1.4696480192003023,0.7478612310268046,0.0,0.0,0.0,0.0,-0.18801400937500107,0.1481451687601774,0.0,0.0,0.0,0.0,0.0,0.0,0.0,0.0,0.0,0.0,0.0,0.0,0.0,0.0,0.0,0.0
0.0,4.062193851563015,1.1474650942056681,-0.30069173079431877,-0.27437996238427825,-0.27437996238427825,-0.3201748074047208,-1.5433101180094595,-0.6316290440643251,-0.6316290440643251,-0.6213903396518416,-0.6219490687756908,-0.5278989822568699,0.0,0.0,0.0,0.0,0.0,0.0,0.0,0.0,0.0,0.0,0.6366886311056181,0.3580528748604659,0.36637527114872764,0.36637527114872764,0.0,0.0,0.0,0.0,0.0,0.0,0.0,0.0,0.0,0.0,0.0,0.0,0.0,0.0,0.0,0.0,0.0,0.0,0.0,0.0,0.0,0.0
0.0,3.308030240753385,0.6587245804687472,-0.3633335579916974,-0.26493917638245945,-0.26493917638245945,-0.31139402706119296,0.0,-0.6566936528464598,-0.6566936528464598,-0.6653814852202303,-0.6606116766057697,0.0,0.0,0.0,0.0,0.0,0.0,0.0,0.0,0.0,0.0,0.0,0.0396950668874046,-0.8175192490971297,-0.8162647210720702,-0.8162647210720702,0.0,0.0,0.0,0.0,0.0,0.0,0.0,0.0,0.0,0.0,0.0,0.0,0.0,0.0,0.0,0.0,0.0,0.0,0.0,0.0,0.0,0.0
0.0,0.0,-0.029970341897317405,-0.5320471768021742,-0.5320471768021742,-0.5320471768021742,-0.5880843264179834,0.0,-0.7193487787037104,-0.7193487787037104,-0.7319622104751887,-0.7252349625544483,0.0,0.0,0.0,0.0,0.0,0.0,0.0,0.0,0.0,0.0,0.0,0.5716303076117709,-1.3238638592360088,-1.3203705083202837,-1.3203705083202837,0.0,0.0,0.0,0.0,0.0,0.0,0.0,0.0,0.0,0.0,0.0,0.0,0.0,0.0,0.0,0.0,0.0,0.0,0.0,0.0,0.0,0.0
0.0,0.0,-0.6965760168677638,-0.47703403636279385,-0.47703403636279385,-0.47703403636279385,-0.542269156528893,0.0,-0.6729335999348288,-0.6729335999348288,-0.6765487043154852,-0.6637173325414857,0.0,0.0,0.0,0.0,0.0,0.0,0.0,0.0,0.0,0.0,0.0,0.0,0.0,0.0,0.0,0.0,0.0,0.0,0.0,0.0,0.0,0.0,0.0,0.0,0.0,0.0,0.0,0.0,0.0,0.0,0.0,0.0,0.0,0.0,0.0,0.0,0.0
