retreat_center.json
{"header": {"parameterUnit": "m.s-1", "parameterNumber": 2, "dx": 0.0028102842012742713, "dy": 0.0022527272070647086, "parameterNumberName": "eastward_wind", "la1": 37.178740226722006, "la2": 36.91067072812418, "lo1": -76.4661180014593, "lo2": -76.131692282742, "nx": 120, "ny": 120, "parameterCategory": 2, "refTime": "2023-06-24 19:15:45"}, "data":
[rows 88 to 109 of 120, columns 51 to 101 of 120]
4.466941147323932,4.368795454046345,4.343716206266135,5.877503126171048,6.67555930230163,7.686539980969885,7.947352635444078,7.566701167593166,7.153133182340503,6.531881626156195,5.08823607068977,4.118569348346145,4.95367089598846,6.004922275413318,6.7309144346385015,6.842934662781668,7.060704711119546,7.270392156380144,7.679072798172814,6.677215200981025,6.684275742656468,6.40077177726828,6.7169896934630255,7.323392389961348,8.029251982464325,8.496281653779414,8.978737928230267,8.22586838002333,7.288245176850346,6.757539243121647,5.9323138137610485,4.517557503590116,4.562437921080439,5.473966058579116,6.9312110682753225,8.190453025750896,8.171346206928531,7.119729156843488,5.772547661883462,5.234924528617754,4.801246326139412,4.0226339607151935,4.180859473628724,5.665779197828579,6.277510286461291,5.560068653964495,3.7458509230279198,0.0,0.0,0.0,0.0
4.515858400875889,4.44375239767282,4.274390011422271,5.959953108023321,7.029706033644593,7.962366612828869,7.914549250546991,7.4220792322915665,6.869236673940609,6.528299047416781,4.950736015184811,3.4483115644883235,4.372689030886632,5.8784258619598475,6.589400787504276,7.0511565074356675,7.184672835743585,7.454178406911022,8.189519039128298,6.992220365305032,6.8061035243772015,6.149395809778986,6.649869960236879,7.4588660201449555,8.510921888597965,9.218367061331413,10.282394967294689,9.94094253012847,8.679495966232242,7.994100299266715,6.732829799655356,5.671598948980892,5.604353592958173,6.606570972598397,7.959087683406395,9.346739029277153,9.24546142711169,7.429236674293119,5.727666645373716,4.803199414777722,4.261619652525526,3.615410398318267,3.296278314418637,4.2761369503862845,3.9964145564103624,3.69640859640056,1.266531416329789,0.0,0.0,0.0,0.0
4.474214011581972,4.521790556503219,4.266585510455242,6.470424999242772,7.881700907594631,7.960413279750837,7.826311975962545,7.67443143749901,6.813038633915776,6.9282604059446085,5.115259443818133,3.0582126455266896,3.935154013186212,5.934979185818454,6.422739034601106,7.179383323793275,7.559014551690925,7.76838992709575,8.470992594947331,7.123587461982047,6.6278690902041255,5.485905059941416,5.986161588684833,6.794022450292889,8.298734965267217,8.908694013622993,10.157542274303054,9.971507740762195,8.991863641514517,8.136068709740806,6.819834910037255,6.046990679219842,5.393381913928762,6.696285336793428,8.094258786304987,9.440109982737921,9.059665632444878,7.202675954891722,5.79726972369327,4.675901473466171,4.442051103989638,4.156160797352512,4.453355376452517,4.754140064273799,5.028107299853112,4.837162494183773,0.0,0.0,0.0,0.0,0.0
3.9828142621198213,4.039290372452744,4.102339705631249,6.7715609845865945,8.3236806951235,7.891841010443572,7.761730520977419,7.624416442090852,6.543936764642063,7.16359770822686,5.610051322858757,3.29941312708216,4.254591932920844,6.151199476888024,6.543493555838035,7.322430172912848,7.278586346421535,7.399384914849077,8.235762302291368,7.429930698135226,6.777604759091673,5.358121939363972,5.422927523857026,6.303523709778041,8.391123630746005,9.363398044052959,10.622572225192313,11.28685566213922,9.747513874653805,8.833741048728001,7.852129829734622,6.51661064918132,5.757704416039159,6.611365361657878,8.03683162366084,9.683387745466892,10.376970283497718,7.847174835633246,6.336673638875622,6.8253519787421935,6.552068203407089,6.346957804019124,6.97322925407093,7.8637699683193185,10.084047651063138,10.55110499279945,8.787216747622994,0.0,0.0,0.0,0.0
3.299289251592178,3.4260543894483844,3.8315649744234914,6.953388777535606,8.876802186528677,7.8355413433170815,7.527493736878407,7.575746337388479,6.324975384938654,7.275936076385121,5.787131382208726,3.2694890977158475,4.103804083060991,6.43496058481374,6.760837203821088,7.432461865480485,6.94351351256031,6.68327318328016,7.810854423499897,7.546039504459778,6.866088866767303,4.836790654333179,4.9268971105340835,5.983886072151906,8.772269664168963,10.019020226240084,11.400782023841908,12.5962162936382,10.507881885446745,9.10695951160455,7.961670496048262,6.722691675899195,5.873467361447092,6.1755989644583265,7.359593147651628,9.302952614964477,10.660276181630953,8.800782864730625,7.172374397052159,7.5443502852012,7.771048511892452,7.560943241322509,8.244322713929371,8.936149578169264,12.95976164104476,12.95976164104476,12.153262889420356,12.984538772998798,0.0,0.0,0.0
2.8834265393941307,3.0808733592093827,3.363257694281763,6.9720257488518955,9.052652137253398,7.755786961050799,7.378045333850071,7.7068520046015,6.330100466701594,7.458575819463654,6.0152720012947,3.134903438708866,4.587036454058064,6.3402371273901785,6.599205917715086,6.90661622677908,6.586155309873681,6.235402787565249,7.540396845183312,7.768260515379247,6.881295420997676,4.830875708037865,5.095517749302954,5.9908481797076325,9.218149026300978,10.867602349470072,12.211810498325745,14.124650990832055,11.823321633171382,9.457013464903309,8.039285627886281,6.682910889808729,5.578813963083482,5.200634310123826,5.755195469794535,6.802505009101514,9.780002120883276,8.633577157425659,6.613250865611858,6.436572926784794,7.658694613209496,6.797987119282333,6.797880815288065,7.181050625086121,7.676119221895531,7.676119221895531,7.676119221895531,8.895446220523102,9.393442046249717,0.0,0.0
2.8668950651087317,2.9009124895349263,3.923116772003652,7.844118519912803,10.59400056022898,8.34671559158007,7.738575307702946,7.6862431665295565,6.321757948834478,7.484192744120246,6.261398801694144,3.0361167651994485,4.451280180728315,6.538487584761988,6.391196634175926,6.485598389948883,6.152246158329301,5.735999870231575,7.271837923458543,8.228986280407202,7.935683999545523,5.459074106523705,5.780269568802722,6.658404978931823,9.872946772869984,11.736127763856556,12.76678424168328,15.541421265405473,14.34310848220167,11.111976016449647,8.85222378528671,7.130963715134456,5.063881132829159,4.2366930064705555,3.9437781356864208,4.047457408540438,7.792499503309539,6.055367012994048,3.7128239097129128,3.31760022076603,4.197378522712384,7.3829759754608455,8.464376591956874,7.30249651019706,0.0,0.0,0.0,0.0,0.0,0.0,0.0
2.3794866248550464,3.179491184488664,5.1439741300013395,10.22561290660071,11.825871865954463,8.436222449231762,7.101628223698178,7.391847496803281,6.282184137373204,7.365209351510477,6.897404505584176,3.7775938168727654,5.377896690730091,7.294198944615029,6.302606034080415,6.31617045010378,5.8518507109478115,4.907649542622378,6.689432201903344,8.338178608466993,8.574714345704171,5.865167105843811,6.194194072075689,7.061840217561729,10.301770905596774,11.675261961892055,12.758381668955453,15.308566197922769,15.064378251610547,13.598412274117942,10.6248932604466,8.766185866256121,6.358463524984136,5.2013522470091855,4.494389837139456,4.349209366680191,7.041912351659359,5.090773368455431,2.3607092931462828,1.530121787105391,1.490146812398206,1.7452283168594955,17.02406485046225,0.0,0.0,0.0,0.0,0.0,0.0,0.0,0.0
2.7403442337890076,4.288366277682377,6.544722436349613,9.304576594194769,9.940912822031581,7.187059255180633,6.167695756372674,6.684595233292877,6.2575553879657155,7.503990938241972,7.94210584894122,6.389545902437908,7.380151456143651,7.18714728153741,5.472396452702971,5.535180096387001,4.953386346510979,3.8423370115653035,6.112454542042235,8.206660383323527,10.35291860860155,7.2008807770993135,6.541715161076472,6.385169983981149,10.01863570721009,10.155723578935445,10.334415346267583,13.474113016572447,12.203377141617127,14.473673898253555,12.324506731382542,11.33628634028127,8.155404205920666,7.310655847309886,5.124199600606527,4.5324661725596425,6.8819631571017466,4.149951911209691,0.5634409878894526,-0.8298038734393149,-1.9548883475741232,-2.632522314125386,0.0965940167313848,0.0,0.0,0.0,0.0,0.0,0.0,0.0,0.0
2.728160564585537,4.9339012663002935,7.499571151501664,8.355850796507076,8.355850796507076,6.212814148084122,5.548295088258578,6.4577664069385605,6.347501793529924,6.85849014382634,8.311279360355744,8.999490919218998,9.139319444491514,8.450527520844684,6.237560428910265,5.213610913851457,4.406345110633358,2.451416189612265,5.011379041208909,7.155367542174669,11.503259481282006,7.288160570778638,6.942925544432539,6.196195836141594,9.50877518229588,9.464579294248496,8.484919699793556,11.811704446293444,10.06187735180734,14.606667735668815,12.204938093542385,11.605342904509724,10.184497840156691,8.960945086908046,6.242320042078585,4.9559438201239026,7.572249234552641,4.9724941073562885,1.0016538684737224,-0.6102120885974505,-1.7529758042611903,-3.0398847104535567,-1.1914967193936794,0.0,0.0,0.0,0.0,0.0,0.0,0.0,0.0
2.31319472890513,5.087959638785646,8.798344126571584,8.798344126571584,8.798344126571584,6.510455550076614,6.12694838140709,6.864532677168605,6.3339028609329135,6.153675465245959,8.022743354232956,9.539466047646137,9.539466047646137,9.423254390140334,7.705267782065734,5.434227965863096,4.812275249892385,1.6385914838580224,5.034513523245889,6.940537752276413,12.275796836595514,9.597565911910268,8.848376325917584,7.651251191712327,9.820615618705856,9.90814288541063,7.506962640237046,10.542044338428566,8.694128835609884,11.350031783801196,11.723554255558804,11.391512752650742,10.66965995402824,10.060727162601308,6.425807380750621,3.9348160800817396,7.177439202436284,3.827459316284597,-2.016929022018895,-3.9224749978664883,-5.569752870687195,-7.328573321060385,-6.273993852352188,0.0,0.0,0.0,0.0,0.0,0.0,0.0,0.0
1.6683427421083405,4.8436209864810635,8.40244018710708,8.40244018710708,8.40244018710708,7.753722513680969,7.080045203469127,7.688257083034923,6.374776000841189,5.67866091401505,7.476707667657732,9.61444195452719,9.61444195452719,9.61444195452719,8.498774103611195,4.611095687213548,4.138169915871125,-0.0632910739959977,3.6242721076449143,5.381249026207981,10.792967326337598,11.90587413021988,10.161928418802935,9.009479321417118,7.777637428363024,8.702921859861567,6.385054473399155,9.2386084501308,6.981242391698297,8.186872479226698,13.151580258428174,12.161901847906064,12.70563840656792,11.460848661969603,8.418817512443718,4.207824668324844,8.269539516272573,4.096740377553693,-4.7861586693760145,-6.533482961372694,-7.997554854756291,-9.794516476382551,0.0,0.0,0.0,0.0,0.0,0.0,0.0,0.0,0.0
1.2633928335117381,4.673959139523475,6.999909566849715,6.999909566849715,6.999909566849715,8.603152172012294,7.150981235471523,7.942214640186925,5.9537327656152135,4.925732942524542,6.995719260975328,9.355188829465845,9.355188829465845,9.355188829465845,8.406289360115073,3.1669913515296004,4.3317171922189495,0.01715212952021324,3.0056807171005495,5.215766792162146,10.575833516201964,14.071172316550507,13.509062415830607,13.17233632846091,7.681292176070121,8.382162798298575,6.410394405105748,9.846149385924482,7.448386767545602,7.740856867445683,11.216308590695,13.851598108374798,14.351985067844995,12.933834230252032,11.157700080895507,8.47022919698346,14.420679548557702,0.0,0.0,0.0,0.0,0.0,0.0,0.0,0.0,0.0,0.0,0.0,0.0,0.0,0.0
1.30751940097704,5.068301207867626,7.635271501641618,7.635271501641618,7.635271501641618,9.935066203254264,8.395255351396335,8.516138823580832,6.465260544586173,4.655820750824887,5.7828027061318785,7.56409189022989,7.56409189022989,7.56409189022989,6.622930850111139,1.249650605759739,3.314945370742134,1.358210415975809,2.782083753831303,5.909084136121212,12.67497635819323,16.057851198530557,17.34893230425943,16.904771299613184,12.565129453399882,0.0,5.944045228437627,13.100742243104278,9.072593081404246,8.500100885658103,8.09492502510129,0.0,11.824469692124232,13.110318730286911,12.117513348412329,10.480067780010337,16.430518131584922,12.257136900893402,0.0,0.0,0.0,0.0,0.0,0.0,0.0,0.0,0.0,0.0,0.0,0.0,0.0
-0.4937484614394325,4.525018080261834,7.085184528175082,7.085184528175082,7.085184528175082,10.481601051604619,9.286623723783695,9.286623723783695,6.978105850752441,3.1299988708492066,3.326503870858778,6.551274621623411,6.551274621623411,6.551274621623411,6.792923272024373,3.6467557780063125,5.550742368393347,5.993756181805171,5.993756181805171,6.226889521859071,13.784723790080502,16.49937371699636,17.005366185454566,17.005366185454566,14.251578969349874,0.0,0.0,16.889253846029465,9.691856033113723,9.466378040384004,10.107559994849092,0.0,0.0,13.35567910515274,13.552295618631359,13.552295618631359,17.52699284429042,13.35361161359911,0.0,0.0,0.0,0.0,0.0,0.0,0.0,0.0,0.0,0.0,0.0,0.0,0.0
-5.406113025906395,3.193839322418344,4.871321226115888,4.871321226115888,5.2940737390040615,9.056329325265038,9.147215187196485,9.147215187196485,5.835760883444217,0.2560621572767555,1.268720446349021,8.004938216343842,8.004938216343842,8.004938216343842,7.599431697641561,5.125197746370589,8.103684514118891,5.808334235707779,5.808334235707779,4.859632026801817,15.022004932680618,17.083703058094788,17.149782405908002,17.19098972488447,13.850610841041384,0.0,0.0,0.0,6.338764260789158,7.186844244262899,7.753000550648385,0.0,0.0,18.796362248917998,18.551458969482557,18.551458969482557,18.551458969482557,0.0,0.0,0.0,0.0,0.0,0.0,0.0,0.0,0.0,0.0,0.0,0.0,0.0,0.0
-11.023579255188654,2.9954905640735436,3.6844934782570093,3.6844934782570093,4.111957102189668,10.118745500344382,9.65173383463648,9.65173383463648,5.959110003951551,2.3019850006532994,5.455695648827563,0.0,0.0,0.0,0.0,-2.3479921600836016,0.0,0.0,0.0,0.0,19.460928404273623,18.97797454870355,18.09024264796148,18.10319818460695,14.011977699016837,0.0,0.0,0.0,5.111423891015881,7.671003419004547,8.23715972539004,0.0,0.0,0.0,0.0,0.0,0.0,0.0,0.0,0.0,0.0,0.0,0.0,0.0,0.0,0.0,0.0,0.0,0.0,0.0,0.0
-8.395362083621636,2.9572438121345206,2.9243552207427492,2.9243552207427492,3.3803857390507295,10.2945790869207,9.561920615949491,9.561920615949491,5.92255588049237,3.6301494357314583,8.15663546492952,0.0,0.0,0.0,0.0,0.0,0.0,0.0,0.0,0.0,0.0,16.276379885542564,15.450772126977265,15.475408834757518,13.588694925607442,0.0,0.0,0.0,0.0,11.11877075667124,11.684927063057339,0.0,0.0,0.0,0.0,0.0,0.0,0.0,0.0,0.0,0.0,0.0,0.0,0.0,0.0,0.0,0.0,0.0,0.0,0.0,0.0
-4.819175562282811,3.4380837699117084,3.2721873917854065,3.2721873917854065,3.8058872295709723,18.06048556009085,9.395619313336008,9.395619313336008,5.029666097732161,4.395723113963731,8.572733253234126,0.0,0.0,0.0,0.0,0.0,0.0,0.0,0.0,0.0,0.0,13.587048130245279,12.536539111446565,12.567916105112587,12.567916105112587,0.0,0.0,0.0,0.0,0.0,0.0,0.0,0.0,0.0,0.0,0.0,0.0,0.0,0.0,0.0,0.0,0.0,0.0,0.0,0.0,0.0,0.0,0.0,0.0,0.0,0.0
-3.018623042473369,2.6978958903101056,2.0859829949659265,2.0859829949659265,2.62967830559817,0.0,8.036530349884254,8.036530349884254,4.917324931646677,4.9435177161149895,0.0,0.0,0.0,0.0,0.0,0.0,0.0,0.0,0.0,0.0,0.0,13.016207120504804,9.784348502930836,9.789078308690241,9.789078308690241,0.0,0.0,0.0,0.0,0.0,0.0,0.0,0.0,0.0,0.0,0.0,0.0,0.0,0.0,0.0,0.0,0.0,0.0,0.0,0.0,0.0,0.0,0.0,0.0,0.0,0.0
0.357455095552879,3.099582938020258,3.099582938020258,3.099582938020258,3.759633193046807,0.0,6.448848390604681,6.448848390604681,4.318566581547945,4.5825130042223075,0.0,0.0,0.0,0.0,0.0,0.0,0.0,0.0,0.0,0.0,0.0,15.555184736233594,8.408816501992975,8.42198708961697,8.42198708961697,0.0,0.0,0.0,0.0,0.0,0.0,0.0,0.0,0.0,0.0,0.0,0.0,0.0,0.0,0.0,0.0,0.0,0.0,0.0,0.0,0.0,0.0,0.0,0.0,0.0,0.0
3.5697402476782143,2.4024287915456597,2.4024287915456597,2.4024287915456597,3.2001454857415124,0.0,5.116608416815439,5.116608416815439,4.592269845835266,5.095714153917844,0.0,0.0,0.0,0.0,0.0,0.0,0.0,0.0,0.0,0.0,0.0,0.0,0.0,0.0,0.0,0.0,0.0,0.0,0.0,0.0,0.0,0.0,0.0,0.0,0.0,0.0,0.0,0.0,0.0,0.0,0.0,0.0,0.0,0.0,0.0,0.0,0.0,0.0,0.0,0.0,0.0
