retreat_center.json
{"header": {"parameterUnit": "m.s-1", "parameterNumber": 2, "dx": 0.0028102842012742713, "dy": 0.0022527272070647086, "parameterNumberName": "eastward_wind", "la1": 37.178740226722006, "la2": 36.91067072812418, "lo1": -76.4661180014593, "lo2": -76.131692282742, "nx": 120, "ny": 120, "parameterCategory": 2, "refTime": "2023-06-24 19:15:45"}, "data":
[rows 22 to 43 of 120, columns 51 to 101 of 120]
9.2288866403445,5.230832199499789,-0.07694392191547857,-1.3209159741583456,-1.2389169787938843,-1.623666867045022,0.7616093978105852,1.8600376520149866,2.8623804119197813,4.3844318212699545,5.857793859032526,5.0755035671309905,4.758259306762827,9.42865114207828,12.901520721276722,14.705022641961646,16.103538685886,0.0,0.0,3.402212377730932,1.2867678956206527,-5.466927552556261,-4.476555960071258,-0.3412257067972745,8.652242664872107,7.844655687705938,7.550218294909205,6.160277209439472,2.56901874549481,-0.05953020948549977,4.052924855227047,4.0228563889925235,3.1750868081285897,2.889621439736763,4.002393967979872,8.659234245740755,10.229174927603953,14.50322981590604,0.0,6.44699058632535,10.442394581602882,0.0,0.0,0.0,0.0,0.0,0.0,0.0,0.0,0.0,0.0
8.338708837980413,5.008300997378652,0.547792406846071,-0.4305583844803056,0.24505246340786446,0.1494983869348113,2.315361862946038,2.7324522781573584,3.2788497842326443,4.522466463086665,5.550244847521785,4.137240019282853,5.741441588351374,13.692776183807682,14.976699380925364,16.677662782655172,17.386197004840106,0.0,0.0,0.5940293603283345,-1.6942166746023042,-6.132168763351159,-4.224804231068266,0.06378083857433359,7.238097498460882,7.286647748544264,5.394251745394732,3.8283080440495563,2.070632329803035,1.3374481025234521,3.8252235570632713,3.7218544112133958,3.2486409686770594,3.1155408135514007,5.242339367601296,8.247094205885338,9.807081086612731,13.815030538651772,-0.6349998906790333,3.764323051959523,7.920731938856767,0.0,0.0,0.0,0.0,0.0,0.0,0.0,0.0,0.0,0.0
7.6484272008421215,4.660858396524941,0.8737506896688714,-0.2650980153383603,1.0300304896866872,1.127249548192564,2.799656753418141,3.331811876088579,3.7848976857386125,5.053498271886619,5.989864545183214,3.858036742313828,6.89002766612422,13.718648986635825,14.80690816241484,15.676869024780792,15.803596457468592,14.118340779749882,3.5823899383588653,1.5176348435703286,-2.6614462410375452,-5.230809171916363,-4.346075497153547,-0.2685897606634506,5.914459542521218,6.4410258691907245,5.010800579057825,4.270366349029326,4.710509599012951,3.4806308265647754,4.776573327841859,4.09041498005525,3.6217518819343897,3.5830426547412553,5.546386724656119,6.456761511886057,4.942196982797619,2.7390341820531527,0.8700623028372372,4.01780159413,7.142392622655972,0.0,0.0,0.0,0.0,0.0,0.0,0.0,0.0,0.0,0.0
7.241788738016399,4.762178797594511,1.8877355380491052,0.8865044608035091,2.1193832139531765,2.5391955859585886,3.469397311106099,3.969902363412922,3.6191795346762934,5.1477350416821475,5.9917864900496784,5.14540664095275,7.422100797972382,13.04584675067892,14.43214185645844,14.602688293832285,14.83451909725402,8.722383657412752,2.840511926066038,1.9109313710594682,-2.3487220999132266,-4.27431439899031,-3.705109495706288,0.10093484258228533,4.769071166912531,5.626758427121647,4.961126885499324,5.400390719229151,7.194605191371172,5.125774728955538,5.51358301092229,4.749927644211519,4.412165989712039,4.527115968252076,5.012214783694216,4.836538748133693,3.3753306946139965,2.8388824647057547,2.2383845391710255,4.97191803304361,7.266951552647886,0.0,0.0,0.0,0.0,0.0,0.0,0.0,0.0,0.0,0.0
7.180867546789695,5.5863531526642225,3.415768926615828,2.6929977081294103,3.6915758637526324,4.256516900666041,4.722098622365107,4.610898993425434,3.3916835901861333,5.439549054205714,6.2248024205629235,5.833641523543369,7.64652711546811,12.201870918014686,13.486309692819637,12.833737456701506,12.795175206255825,4.258179702050786,0.877697382002257,0.6537923347010423,-3.19500853563888,-4.059450985780576,-3.22669881383104,0.9190937332036577,5.680750967676095,6.203487415849069,5.289118819311459,6.696566679560369,8.086588751101305,5.635546989417737,5.887326089895801,5.075046346866936,4.899745146750101,5.963291170553791,6.6494940791959065,5.979578471833108,4.155687302314396,4.88454021587129,4.075278458743405,5.645902944200941,7.463005642563682,0.0,0.0,0.0,0.0,0.0,0.0,0.0,0.0,0.0,0.0
6.41852347112199,5.888949362654298,4.390249061257793,3.8909908691758917,4.663652775934679,5.272969760398697,5.626713430984785,5.244763031555233,3.9803354562182083,6.039858811276266,6.5576263795944065,6.274669299596658,7.350580757954895,10.94984452021813,11.682540610677494,11.034947275990977,10.238867763884578,3.6207568654644438,1.6121030454552105,0.16451240528724045,-2.840771388372726,-3.565097937841085,-2.811590043597819,0.783812527447674,5.069334755500491,5.867381895683956,5.105599202293715,5.918324142934688,7.051254415596316,5.24190707261994,5.366642233744239,4.478951155996645,5.040362599090943,6.9192909481506355,6.893471418246974,5.891943856314369,6.5151602930167885,7.132461671676733,5.912212324258564,6.718841839019393,8.161062076587319,0.0,0.0,0.0,0.0,0.0,0.0,0.0,0.0,0.0,0.0
5.564389772985505,5.9410417840586405,5.131835415308278,4.861743857268506,5.610983052892625,6.286770715619673,6.512092264255406,5.672224274241126,4.483978337352402,6.061231877984134,6.345366296754492,6.225628592794636,6.9944116605130855,9.900919025156567,10.398920523378152,9.765317665683215,7.9949564776114155,3.0787480838110644,1.4548775953275224,-0.17615871385427137,-2.2228047683693024,-2.8916852503769417,-2.0479744221817793,0.8528657865890759,3.9956043723272665,4.597336517818533,3.7228917805620907,4.3713092863673975,5.019392271365954,3.8231011971077034,3.975283026064106,3.2066164674475512,4.545933376817914,5.691585763126857,5.812850816662926,5.959743871451687,7.309318507372456,7.861335373623199,6.370994908057867,6.776858200975304,7.929805848383844,11.914165778765089,16.896875234724973,0.0,0.0,0.0,0.0,0.0,-5.043339719366506,-1.7350620466136844,0.0
4.954701632614472,5.719020251217036,5.670339091052738,5.446907345326108,5.7261065968480835,6.32285220688417,6.396618994404479,5.399630843879845,4.6230625817138895,6.109963552575658,6.598262988625258,6.570127721311917,7.094628256002826,9.35982810489524,9.452503270989546,8.597815176487552,6.192315109741522,2.5835406514395047,0.6378444022470031,-0.5100389397642001,-2.3033650723597643,-3.1849832055976757,-1.735061007619201,0.5263599696483442,2.9998863981520176,3.5914313979047865,2.8423134869172846,3.3734371561565837,4.281841022695967,3.532781116715532,3.9224076098442526,3.7860588109400855,5.1726888925870425,5.912033172644804,6.765422860089235,6.498937891450581,7.055630022797204,7.097765978765915,5.647636442583528,5.539341842981135,5.354553025376398,5.682527912796333,7.36977218927044,6.625037246809985,5.173498520896516,4.275611784422339,2.9249856275324806,-2.924746222102809,-5.635766710371698,0.0,0.0
5.7531809150463875,5.968057094839706,5.906349039845473,5.642436571440414,5.6836470101552585,6.082168612827117,6.086798108560974,5.35314437103499,5.0304986744188005,6.439802134957702,6.833969836520271,6.580787530195676,7.08222015552372,8.439577738980597,8.602046118097974,7.037182940647397,4.6219870700630885,2.043337876163629,0.26848506119039667,-1.051626195436638,-2.9701412334255113,-3.170533747048617,-1.4908770552240709,1.1519150074339377,2.147355375494717,2.4119536561114145,2.5358147142437684,3.549686589560955,4.462323145841032,3.8536903854644193,4.637440582679107,5.172070860467297,6.294911939016918,7.19411104925698,7.915811652531671,7.081981249436284,6.985116813523084,7.181551377602961,4.998666885110425,3.2276785214077033,2.944402052915576,3.286523114872034,4.158066427122173,3.990855299844545,5.212319328874833,3.62801440296748,3.707163230542151,0.9419367540952306,0.0,0.0,0.0
6.4770192488639475,6.568661418014269,6.199329596368882,5.925690107479194,5.54179284137533,5.8561648010482745,6.126898950309936,5.561360246876634,5.229104399988719,6.32836074459258,6.733151571809829,6.200896976405854,6.7132206172309745,7.078604908293761,7.112814178846844,5.530245977073184,3.664855022245598,1.7051499399812138,0.16769490433753337,-1.166327850710783,-3.0028790479982708,-2.7427584275948527,-1.2099776898106849,0.6662738067411237,1.410360383815651,2.0904326350738076,2.7716332890892885,3.908759946523097,4.7110164469887135,4.209228338521787,5.014024676282207,5.547874685887331,6.106387798905725,7.033322081119212,7.199860242139195,6.501294558624668,6.558584824499341,7.361346462566165,4.820110579140047,1.9933794530876892,2.2135181366363814,2.783270615832951,3.924160360058424,3.911442479757739,4.010490858840725,3.5630606998456007,4.020959648030844,0.8218317133480576,-2.355611826802878,0.0,0.0
7.075915305015889,6.835766754758532,6.230510862829017,5.811915836782886,5.283685281701338,5.575346822253672,6.332643547072958,5.865008895064468,5.286220014629671,6.289686209639739,6.2519313732751,5.89141324810258,6.31221448095495,6.1871901017337265,5.821666987540442,4.832765327932357,3.34857960448733,1.2067734429330552,0.31055483195730244,-0.984611324412804,-2.374088167182658,-1.9452241319879724,-0.7673388699679811,0.5605123067109893,1.6316520176285356,2.4324874034856503,3.246457094990083,4.135333046398466,4.91084538138085,4.529125697009786,5.6608172499599885,5.807096667943903,5.908123023220433,6.168909475855155,6.15286313816849,5.888271982514295,5.7959301545952115,5.9855974824309195,2.850063378407344,0.48414140662280547,1.1012962530568093,2.16330498952436,3.0821075317347892,3.0198724157436807,3.1802722852773497,2.8238600176827955,2.9663232082041544,1.3723920950841275,-1.4163197601751099,0.0,0.0
6.894841640168827,6.514128472517532,5.614651729324427,5.358297376085214,4.958593731053176,5.375813107015378,6.534815347657979,6.434801483671591,5.685410791059334,6.184920616635388,5.900224084022551,5.8042068421780915,6.1947674399809065,6.051608237655384,5.391329125048837,4.672133988151783,3.2817847804431772,0.8497954064297323,-0.30514189351749665,-1.6414415248778957,-2.4724761306017538,-2.3077703858404663,-0.9851630812752863,0.5247762256169799,1.617733668481685,2.3811903736596483,3.2439512295040736,3.927331163509141,4.413400597622522,4.243759377583898,5.153078045116617,5.439496176623248,5.326020882959842,5.307204380403225,5.121075861616053,4.985182425586558,4.687499101211351,4.69547931279784,2.0192121935841385,0.590903060307017,1.773788196712951,2.8318976845157455,3.196356178513305,2.8981644501389696,2.988149933685291,2.730331929172005,3.4908276219385423,1.7493706955888035,0.0,0.0,0.0
6.418737630737292,6.300803819301339,5.3004192835628485,4.831462811823738,4.524577046659232,4.979228278479447,6.217374348621214,6.322216011815661,5.808847519628532,5.660762590128155,5.92429792000039,6.010600312441092,6.527353496151803,6.233802155181697,5.046541075196038,4.388434558441867,2.7731794679018638,0.08738065419587666,-1.2621047805760572,-2.4377604266652093,-2.7980290577987734,-2.2490207116636864,-0.5351596865491667,0.8823954551374938,2.0842946913729614,2.913322626092451,3.6242399947782316,4.130824998390944,4.596228944445857,4.569935938459458,5.277911370466642,5.331416263250373,5.311433938414364,5.390664739355363,5.112581135420257,4.216562102993929,3.2721572546348106,2.4862265122985794,0.8838154679050587,1.0252238040457402,1.8057839344883682,2.4446313648594002,2.8040690110616064,2.415264706825884,2.5571423806766336,3.0015151783815996,4.314529256899988,2.547283785627994,-1.6675402135304556,-3.8780217898519918,-3.190713258310085
6.267086922126386,6.2311486277616925,5.199310025253113,4.356609690189705,3.8495775418478813,4.417208018300027,5.705689096678872,6.0601052717612465,5.992681646762591,5.822783807193301,6.53145839515956,6.803785098296958,7.119316681791847,6.408591049275367,5.171396720854002,4.20806290128592,2.269024302276062,-0.4762971754464581,-1.9435441519090415,-2.970052492345906,-2.91027508251056,-2.1386272394415773,-0.4597766933797345,1.0715939905337706,2.407470770246421,3.2778623129344817,4.013737655725067,4.4551032261786725,4.691592206596374,4.661868024260404,5.053209025656465,5.1279656936954465,5.00784355200538,4.529947770921622,3.890908432728887,3.12664034661186,2.2518500234409697,1.8096457829209085,1.5076978591812473,1.4854682817503,2.0940813683512975,2.6060070360795438,2.6476282973830503,2.102916825024102,2.7131285927068256,3.3170054857489655,2.9251938446194137,-0.4453080001700405,-2.48075968985856,-4.235699856752046,-4.222329336751009
6.224653759292732,6.2367089134742395,5.211940678315012,4.305903757238254,4.08089073776418,4.531676724503726,5.825509837440779,6.307786660431023,6.218791684987074,5.843696879230355,6.691186942643354,6.859809728294824,7.1178305585268244,6.180669199277686,4.905341516634789,3.722515658464688,1.7927973384745182,-0.9795906843805502,-2.467613815716041,-3.0891393476579783,-2.7199222871414985,-1.538693856673403,0.10399804602591915,1.966456576702592,3.4621241676526173,4.375353096695792,4.660674186048573,5.07482062735718,5.256029253775082,5.249136287712501,5.464420025056376,5.457977522260976,5.030965997530289,4.328105056816031,3.3400464720035328,2.803021265192153,2.4479326722015977,2.1365012909724723,2.0466179389415955,2.3616760544716,2.7724156150278594,3.155392073477252,2.638878282963426,2.681685837130969,2.478706835838027,2.073539509050334,0.2315443929117985,-2.074052616077281,-3.215321801038484,-3.682670706947072,-3.1870816203924273
6.678499016757177,6.681938404231515,5.569188444833208,4.35071631587196,4.311514277947223,4.533186259837898,5.709141447198189,5.978316479668079,6.01666262044779,5.556058839497445,6.56581656865889,6.638323591202413,6.706053201395852,6.103712331819124,4.670123115013285,3.5874346309037235,1.6221235430508345,-1.0598938878727728,-2.4811941722595665,-2.8240376966382037,-2.2747412350072223,-0.8212263635818937,1.1874550867477955,3.1694545384233788,4.703633614928792,5.384344604322944,5.461270610061766,5.845876269003979,5.933588933667771,5.661546103077672,5.352356938786514,4.837306316360769,4.175246019987662,3.4159105347426966,2.514478497276084,1.9531565400976327,1.5769524559237151,1.4033097302954278,1.432488262592442,1.9946854931984075,2.5623468631768973,2.701919669387761,1.6034406982734588,1.1215871150529877,-0.2971388624262319,-1.4423212505837186,-3.0627044494110645,-3.9477612887868485,-4.564591932351981,-5.0249589386152085,-4.625259366312058
6.880291088430729,6.764677177244959,5.460155296334274,4.282959786107867,4.4981534271990595,4.346447308900861,5.342275373867381,5.396177821853203,5.4274808838953765,5.448310383397639,6.462812950181282,6.552438182448614,6.483227570550833,6.0335676056064536,4.558790088387471,3.605232785426302,1.4015672605874576,-1.1336668042485991,-2.3369872384311714,-2.4993724661591066,-1.811510503343589,0.15111714156557518,2.4475711115757686,4.134626460605956,5.693217438012258,6.067475392421864,6.35753455575074,6.454389627081541,6.242974977729083,5.649297908946758,5.109114289489221,4.367643340176788,3.8308392208920683,3.2379696724093696,2.3659411994705177,1.9291680738944503,1.7280929326938377,1.7103086099813738,1.4935626692215558,2.0674206770109365,2.6699925291943605,2.3049256592822336,0.7040542396970079,-0.4409883078004867,-1.9329177947384646,-2.921033063772965,-3.576968615284957,-4.242483699109925,-4.875986941061434,-5.509346705587009,-4.934571814095228
6.428931871215323,6.287278117397368,5.099233354961389,4.106308386598633,4.692311430712159,4.1968307082999905,4.892798873411197,4.8442454102299575,4.623222153311896,5.008106690356055,6.1063521547524875,6.270870078215169,6.407999114290485,5.996038921654479,4.331730276239849,3.261321871660278,1.1236941448054747,-1.228163485121536,-2.287999012970865,-2.0880714720477536,-0.9933179307593614,1.1688459193106624,3.3460525802521603,4.640000149983709,6.094085276986761,6.553577838051429,6.738844178847954,6.6430571879345415,6.175704640023753,5.520413984514525,4.83014847953323,4.13254049368668,3.6288063145588056,3.153910467455466,2.6082396878752245,2.0135793446970154,1.7803678704472583,1.689557004816378,1.4498235632296412,1.8016624949249203,1.7510476579713552,1.0400631788979255,-0.6043007225000478,-1.6865022990303815,-2.6073208645468053,-2.8997417348697785,-3.554837108694725,-4.024613556063138,-4.7208290209979635,-4.573302863843236,-2.9059434862417097
5.649082210385064,5.42990840583391,4.397490428195941,3.5554689754300624,4.212829118240674,3.6699128074321323,4.210230792482972,4.132384766467993,3.849205241777888,4.4508761371923695,5.555359310995045,5.947366339206266,6.227749664611841,5.884539921431912,4.023900064988743,2.6769328020738064,0.6459970827029224,-1.3701881518011672,-2.2456118316221696,-1.8180568852790588,-0.3126894624596047,2.0456158275554963,4.097868135674094,5.282114362261641,6.495739812930688,6.937952999435271,6.656469148937063,6.371725751827234,5.755074644087128,5.2552613336401945,4.514598444959453,3.937241283757522,3.499785996109227,3.1591622243544975,2.661552959293391,2.055649315477895,1.7988452448598522,1.6629806930574864,1.54291323220059,1.7202021793412747,1.3997878134698434,0.4586588658477628,-1.1079252746914485,-2.0002535282125296,-2.4387664984949367,-2.5697110945962387,-3.3032864541763147,-3.322640612562112,-3.1631223650072164,-2.6248816547626124,-0.36011355086135755
5.0479315980833235,4.922531922063989,4.224616948834009,3.4467665884143157,3.6762673428609363,3.1568549012369838,3.3778349531709004,3.3889573840801503,3.3100499143596,4.032376050495592,5.1625297521058044,5.858833622936807,6.284309596082879,5.639515146753307,3.7282026736004696,2.17674959186687,0.1820210485066828,-1.4351475533183682,-2.0647989328986607,-1.2804468093708279,0.4290731288698147,2.816655677645336,4.538565892204751,5.7619425743339825,6.847844341278852,7.088511571934041,6.630478093773826,6.210728944984621,5.6740826922235765,5.053013901650818,4.314955234296614,3.810284521265061,3.4575698950169054,3.2228883879007135,2.7929414727797015,2.225834947919389,2.1211475221694953,1.7392674504387922,1.3677636363642267,0.8464851687033818,0.4383849752304037,-0.5530436593685836,-1.5656739854411332,-2.0682953652599707,-2.22713079225604,-2.385110086478534,-2.74963517476986,-2.565824594364515,-2.0917105991132483,-0.746625609386619,2.0731694071386753
4.765184743928457,4.805675737226901,4.572023196810903,3.768637161373617,3.6819984163759205,2.9845727719946304,2.8364179514421406,2.7061336736081785,2.7804431918983106,3.6912340715370755,4.719647440738465,5.641063740809177,5.906768476867662,5.0760811041850955,3.161852192919742,1.6063229314754857,-0.29532303605918564,-1.5539405024483504,-1.8015240901240492,-0.5675039661468522,1.0588506833007787,3.3468278959396014,4.785302630026056,5.640351846729097,6.6133951896564,6.630155143927798,6.041532710548099,5.722343377522315,5.23483269667557,4.593496221709666,4.021399582257609,3.7158835104873185,3.321258769852745,3.144633695084047,2.7459169578513216,2.0759978826462304,1.983278779632976,1.5183101927908884,0.9953279820868032,0.4486325440820466,-0.06949689491602506,-0.7056750567424269,-1.2677838304736018,-1.5806301073469793,-1.8209812797299132,-1.8753913429026685,-2.1158927566099033,-1.5971469368010036,-0.4383084716317914,0.8180382759003402,2.473609664479228
4.637984971269231,4.503190442501655,4.635663378356394,3.9237575660275366,3.7511662552928926,3.0848892573418554,2.759601381300137,2.421477692766387,2.5261954343397353,3.4881058396328046,4.318112598376012,5.0952351258218025,5.104112549399111,4.203184861833755,2.411777142942795,1.0448214205684405,-0.5404580615522349,-1.456960086829882,-1.2905862297148383,-0.131428537016822,1.494990528588847,3.3604974024589027,4.758719941562143,5.6585142891444065,6.427255731646518,6.159219116475049,5.539669097541494,5.268055095567748,4.732357653205199,4.047408445319967,3.4895531563296927,3.082242372488611,2.5667137628431704,2.311965553091864,1.881191446555665,1.2942389871352775,1.0222076801895088,0.5980636764455756,0.13265685111615472,-0.14354620029292686,-0.3145137216523259,-0.6705765174807287,-0.91048430336953,-1.0821877107547475,-1.0345160768569737,-0.7601364418606525,-0.7652909799403936,0.09413989065456162,0.979302164483391,2.1352543476292953,4.061480170537079
