wrfout_d01_2021-03-02_00_00_00.json
{"header": { "discipline": 0, "disciplineName": "Meteorological products", "gribEdition": 2, "gribLength": 45000, "center": 34, "centerName": " OUTPUT FROM WRF V4.2.1 MODEL", "subcenter": 0, "refTime": "2021-03-02T00:00:00Z", "significanceOfRT": 1, "significanceOfRTName": "Start of forecast", "productStatus": 0, "productStatusName": "Operational products", "productType": 1, "productTypeName": "Forecast products", "productDefinitionTemplate": 0, "productDefinitionTemplateName": "Analysis/forecast at horizontal level/layer at a point in time", "parameterCategory": 2, "parameterCategoryName": "Momentum", "parameterNumber": 3, "parameterNumberName": "V-component_of_wind", "parameterUnit": "m.s-1", "genProcessType": 2, "genProcessTypeName": "Forecast", "forecastTime": 60, "surface1Type": 103, "surface1TypeName": "Specified height level above ground", "surface1Value": 10.0, "surface2Type": 255, "surface2TypeName": "Missing", "surface2Value": -9.999e-252, "gridDefinitionTemplate": 0, "gridDefinitionTemplateName": "Latitude_Longitude", "numberPoints": 22500, "shape": 6, "shapeName": "Earth spherical with radius of 6,371,229.0 m", "gridUnits": "degrees", "resolution": 48, "winds": "true", "scanMode": 0, "nx": 150, "ny": 150, "basicAngle": 0, "lo1": 135.10272216796875, "la1": 35.918182373046875, "lo2": 136.79473876953125, "la2": 34.536285400390625, "dx": 0.0, "dy": 0.0 }, "data":
[rows 0 to 18 of 150, columns 86 to 128 of 150]
7.845030784606934,8.967976570129395,9.63037395477295,9.275980949401855,9.754595756530762,9.30681037902832,7.809547424316406,5.822210788726807,6.280365943908691,9.905060768127441,11.038023948669434,8.72688102722168,3.6308271884918213,8.51784896850586,11.445854187011719,9.83687973022461,6.413516521453857,3.290900468826294,2.960984706878662,5.07029390335083,9.583681106567383,10.951546669006348,8.581153869628906,5.214855194091797,5.3446784019470215,6.773896217346191,8.72415828704834,9.486523628234863,8.61037540435791,8.577069282531738,9.47817611694336,11.24083137512207,12.761177062988281,13.700323104858398,13.666190147399902,12.263468742370605,10.0032320022583,6.013523101806641,3.8168890476226807,3.522146701812744,3.785111665725708,8.952958106994629,13.686233520507812
6.770742416381836,7.635983467102051,8.517970085144043,8.734766006469727,9.269140243530273,9.042427062988281,7.880268096923828,6.982297420501709,8.685751914978027,10.257284164428711,10.714661598205566,7.409023284912109,4.3956193923950195,9.087985038757324,11.036137580871582,10.250210762023926,7.596668720245361,4.748547077178955,2.797370195388794,3.9292690753936768,9.07781982421875,11.202598571777344,9.530121803283691,5.741983890533447,4.605550765991211,5.329306602478027,8.40849781036377,9.870688438415527,8.743233680725098,8.1488676071167,9.60158920288086,10.234908103942871,11.706475257873535,13.406373023986816,13.485591888427734,12.328439712524414,9.8226318359375,6.1455230712890625,3.8667054176330566,4.309787273406982,3.6366207599639893,12.285117149353027,13.652894973754883
4.5459394454956055,5.449389934539795,6.560671329498291,7.64723539352417,8.290864944458008,8.111173629760742,7.888632774353027,8.638242721557617,10.100748062133789,10.38568115234375,9.572890281677246,6.5365447998046875,6.617833137512207,10.323720932006836,10.782389640808105,10.203461647033691,8.19262981414795,5.555688858032227,2.8635966777801514,2.87258243560791,6.255178928375244,10.722488403320312,11.016255378723145,8.408247947692871,6.1193037033081055,4.7199554443359375,7.163914203643799,10.12631607055664,9.877537727355957,8.767069816589355,9.256132125854492,8.82286548614502,9.838520050048828,12.44422435760498,13.396787643432617,11.666714668273926,8.920944213867188,5.784244060516357,3.516688108444214,4.020057201385498,7.571848392486572,12.00647258758545,12.487715721130371
1.4839868545532227,1.9904347658157349,3.69730806350708,6.3563232421875,6.817346572875977,6.615788459777832,7.354091167449951,8.001096725463867,8.138970375061035,8.241738319396973,7.509622097015381,7.218173503875732,9.293621063232422,10.165099143981934,9.495566368103027,8.899641036987305,7.606406211853027,5.9742841720581055,3.228027820587158,1.453977108001709,2.0251359939575195,8.271768569946289,11.3289213180542,11.02365493774414,8.701401710510254,1.2727677822113037,7.404336452484131,10.308034896850586,10.792496681213379,9.459701538085938,7.914152145385742,7.619232177734375,8.385676383972168,10.517772674560547,12.386712074279785,11.113359451293945,8.375370025634766,5.711986541748047,3.9025466442108154,3.602938413619995,12.179245948791504,11.094822883605957,11.385542869567871
-0.6424744725227356,-1.2187879085540771,0.6412689685821533,4.264611721038818,5.3437604904174805,5.141173362731934,5.684131622314453,5.354227066040039,5.065456867218018,5.847967147827148,6.336696147918701,7.99377965927124,9.622007369995117,8.228372573852539,7.9622602462768555,8.400914192199707,8.018385887145996,6.910224914550781,5.185726165771484,0.5858452320098877,-0.8847383856773376,2.0022642612457275,7.007386684417725,8.935419082641602,5.762060165405273,-2.6732420921325684,4.570898532867432,9.760040283203125,9.334857940673828,7.7992730140686035,5.659257888793945,5.496252059936523,6.389269828796387,8.051590919494629,10.555771827697754,10.270350456237793,8.090611457824707,5.978437900543213,4.3184733390808105,4.320582866668701,12.937976837158203,10.06153392791748,9.983062744140625
-0.6820782423019409,-1.652833104133606,-1.37149178981781,1.357549786567688,2.631067991256714,2.3682022094726562,2.5265347957611084,2.811107873916626,3.5803747177124023,5.501720428466797,6.088788986206055,7.893838405609131,8.240638732910156,6.843155384063721,8.100119590759277,9.299818992614746,8.890619277954102,7.5147881507873535,6.1246514320373535,1.9338760375976562,-2.3121533393859863,-1.839846134185791,0.8859037160873413,3.009884834289551,0.6209288239479065,-1.6544721126556396,0.9816908240318298,5.539424896240234,6.6875529289245605,6.057981967926025,4.770517349243164,4.048001766204834,2.747587203979492,2.845069646835327,9.169671058654785,8.933063507080078,7.440717697143555,6.211573600769043,4.847333908081055,5.339425563812256,12.55144214630127,10.520221710205078,8.75239372253418
-0.4520404040813446,-1.2554770708084106,-1.6288479566574097,-1.0369855165481567,0.06669545918703079,-0.6628527045249939,-0.2910684645175934,0.7721632719039917,1.6998056173324585,3.6413683891296387,5.505056381225586,6.937381744384766,6.864838123321533,6.659818172454834,8.423470497131348,8.867063522338867,8.199156761169434,7.202023983001709,6.12194299697876,2.7485995292663574,-2.8708889484405518,-2.4164772033691406,-1.3296735286712646,0.09382784366607666,0.7233720421791077,2.3994953632354736,1.5652060508728027,0.5928047895431519,2.3433446884155273,4.124730587005615,4.033671855926514,3.141000747680664,-1.158502459526062,-1.4209437370300293,5.799111366271973,7.656679630279541,6.340750217437744,5.742068767547607,4.6591973304748535,6.084566116333008,11.947762489318848,9.843591690063477,8.741007804870605
0.8011951446533203,-0.3981759250164032,-1.425505518913269,-1.6390665769577026,-1.1727489233016968,-1.0689557790756226,-1.3436470031738281,-1.2742992639541626,-0.45775559544563293,1.4795453548431396,2.00710129737854,5.277932643890381,6.013174057006836,6.352675437927246,7.379599094390869,6.806746959686279,6.48640251159668,6.2549638748168945,5.428872108459473,2.378445625305176,-2.576178550720215,-2.23865008354187,-1.8412070274353027,-0.9094768762588501,1.7156907320022583,4.626437187194824,3.0331153869628906,-0.6420041918754578,-1.1268482208251953,0.6014078855514526,1.0603913068771362,0.2372228056192398,-2.552586317062378,-2.4922940731048584,1.6574381589889526,5.114953994750977,4.238800525665283,4.242502689361572,4.094130039215088,6.606944561004639,11.208883285522461,7.936392784118652,8.061107635498047
1.8262385129928589,0.3425899147987366,-0.058958999812603,-2.0449271202087402,-1.490444540977478,-0.6943250894546509,-0.8482092618942261,-1.4729018211364746,-0.9913316965103149,-0.6031370759010315,-1.5766485929489136,2.5985350608825684,5.458149433135986,5.695746898651123,5.204685211181641,4.508997440338135,5.407395362854004,5.825703144073486,2.7835216522216797,0.7621437311172485,-1.915695071220398,-1.3406349420547485,-1.8740335702896118,-0.8271207213401794,0.9340183138847351,1.772464632987976,2.5669829845428467,-1.7387911081314087,-2.4725077152252197,-1.6722127199172974,-0.9906954765319824,-1.503211259841919,-1.8767186403274536,-1.8693091869354248,-1.4507185220718384,2.7209184169769287,2.5316247940063477,2.8589999675750732,3.4193058013916016,6.766513824462891,10.372859954833984,6.638429641723633,6.700558662414551
1.3773549795150757,0.9843108057975769,-0.25429949164390564,-2.0746700763702393,-1.6103217601776123,-0.6788751482963562,-0.558483898639679,-1.1789079904556274,-1.4008201360702515,-1.1561014652252197,-1.387129783630371,1.23414146900177,3.699066638946533,3.0056400299072266,3.1780452728271484,4.719995498657227,5.9887518882751465,2.7022440433502197,-0.8501649498939514,-1.7290470600128174,-1.7217810153961182,-0.6264948844909668,-0.9415873289108276,-1.7728568315505981,-0.9928141236305237,-0.9492833614349365,-0.5938640832901001,-2.791274309158325,-2.8572399616241455,-1.991943359375,-0.7780666947364807,-0.9594380855560303,-1.3911738395690918,-0.34670817852020264,-1.660942792892456,1.2026749849319458,1.897153615951538,2.1540534496307373,3.692072629928589,6.836480617523193,9.3827543258667,5.285369396209717,6.2095537185668945
-0.33878645300865173,0.44325992465019226,-1.3312859535217285,-1.713723063468933,-1.2359193563461304,-0.5122973918914795,-0.3101120591163635,-0.6095860004425049,-0.8614741563796997,-0.22507591545581818,0.26277971267700195,0.2680174708366394,2.069093704223633,1.7946165800094604,3.0704965591430664,4.877657890319824,3.2418618202209473,-0.2126702219247818,-1.5761821269989014,-2.258150339126587,-1.5961248874664307,-0.7561474442481995,-1.157928228378296,-2.551030397415161,-2.4112935066223145,-1.912285566329956,-2.7330195903778076,-3.1157329082489014,-2.973712921142578,-2.4256839752197266,-1.1653590202331543,-0.7515890002250671,0.16506990790367126,1.2956790924072266,-0.8913447260856628,0.10852023959159851,1.6930028200149536,1.8338950872421265,3.7651867866516113,6.9161176681518555,8.250703811645508,3.9791791439056396,5.739344120025635
-1.0557316541671753,-1.0718965530395508,-1.6677956581115723,-1.3507583141326904,-0.9035906195640564,-0.4906752407550812,-0.25703898072242737,0.12079710513353348,0.34676674008369446,0.5997934341430664,0.7998099327087402,1.1187564134597778,1.9779411554336548,2.223942279815674,2.2587223052978516,1.4163907766342163,0.5709677934646606,1.1518571376800537,1.266618013381958,-0.3364531993865967,-1.029883623123169,-1.0847811698913574,-1.6281646490097046,-2.5851898193359375,-3.095820903778076,-2.5892252922058105,-3.360886335372925,-3.31634783744812,-2.731337308883667,-2.202911138534546,-1.2085591554641724,-0.00295841321349144,0.776702880859375,1.0505530834197998,0.00476358737796545,0.16613182425498962,1.6545534133911133,2.368387460708618,3.723054885864258,6.843812465667725,6.781213283538818,3.4927403926849365,5.645113468170166
-0.4431617259979248,-1.3021296262741089,-1.8085652589797974,-1.4426432847976685,-0.6107658743858337,-0.1713860034942627,0.31639087200164795,0.7630841135978699,0.9584276676177979,1.0821073055267334,1.5781505107879639,2.237348794937134,2.4326541423797607,1.9055489301681519,1.0569437742233276,0.7967838048934937,2.164726734161377,2.6380743980407715,1.8724428415298462,0.09832742065191269,-1.177714228630066,-1.660768985748291,-1.5625406503677368,-2.685718536376953,-3.2419376373291016,-3.0013620853424072,-3.1533360481262207,-3.3742475509643555,-2.9033172130584717,-2.1772563457489014,-0.9102073907852173,-0.5430843234062195,0.03445279225707054,0.1643277406692505,0.41068193316459656,0.7220605611801147,1.9656450748443604,2.9185755252838135,4.405851364135742,6.665292739868164,5.005023002624512,3.4212682247161865,5.586309432983398
0.38809290528297424,-1.181840419769287,-1.7106696367263794,-1.274680733680725,-0.4627417325973511,0.22999201714992523,0.7901334166526794,1.181406855583191,1.3586167097091675,1.6903669834136963,2.276041269302368,2.3460071086883545,1.784327507019043,1.479448914527893,1.361628532409668,1.596503734588623,1.036273717880249,0.010911811143159866,-1.0619298219680786,-1.7386116981506348,-1.964856505393982,-1.887047290802002,-1.8170807361602783,-2.859785318374634,-2.8538014888763428,-2.726060628890991,-3.3272294998168945,-3.3725485801696777,-2.439546585083008,-2.6651315689086914,-0.8249534964561462,-0.2980906665325165,0.23177570104599,0.6868623495101929,1.0324110984802246,1.702042818069458,3.004481077194214,3.435786724090576,5.422802448272705,6.41989278793335,4.140660762786865,3.62811541557312,5.639672756195068
0.5135610103607178,-1.5508122444152832,-1.4516229629516602,-0.7577515244483948,-0.3063124120235443,0.3354349434375763,0.8485957384109497,1.3636804819107056,1.7532390356063843,1.9508670568466187,1.6638243198394775,1.6137967109680176,1.417372226715088,1.579858660697937,1.7004667520523071,1.3195006847381592,0.43036505579948425,-0.2236289530992508,-0.6227919459342957,-1.086924433708191,-1.3205609321594238,-1.091769814491272,-1.912017822265625,-2.468425989151001,-2.527594804763794,-3.0652987957000732,-3.000699758529663,-2.971623182296753,-2.8717596530914307,-2.844820261001587,-0.7465047836303711,0.7603004574775696,1.099515438079834,1.7547171115875244,1.8827279806137085,2.6699459552764893,3.264758586883545,4.529786109924316,5.834725379943848,5.897311210632324,4.387048244476318,4.676483154296875,5.666131496429443
-1.0372111797332764,-1.9952229261398315,-1.347442388534546,-0.423835426568985,0.23491504788398743,0.6119165420532227,0.9843791127204895,1.362067699432373,1.748598337173462,1.7682472467422485,1.6739822626113892,1.8587470054626465,1.9828616380691528,2.023834705352783,2.5163660049438477,3.033658981323242,3.601694345474243,3.959063768386841,3.402210235595703,2.1716814041137695,0.9088903665542603,0.14333952963352203,-1.2858686447143555,-1.731654167175293,-1.821966290473938,-2.272170066833496,-2.6510696411132812,-2.6714982986450195,-2.541123151779175,-2.5401368141174316,-0.6671241521835327,1.4069937467575073,1.6906991004943848,2.344076633453369,2.364168882369995,3.212214946746826,4.093636989593506,4.795907497406006,5.516561985015869,5.42294979095459,4.421858787536621,5.174664497375488,5.724140167236328
-2.0259552001953125,-2.032567024230957,-1.2684564590454102,0.12474646419286728,0.6978139281272888,1.0329735279083252,1.363057017326355,1.5001471042633057,1.8069484233856201,1.9057191610336304,1.9135178327560425,2.4085402488708496,2.713479518890381,3.0657308101654053,3.7643353939056396,4.9059672355651855,6.138339519500732,6.752518653869629,6.451016426086426,4.850439548492432,2.7253010272979736,1.8707860708236694,0.07280810177326202,-0.488101989030838,-1.0616406202316284,-1.5830861330032349,-2.1317803859710693,-2.3448123931884766,-2.2388713359832764,-2.148864269256592,-0.3911265730857849,1.4894802570343018,1.9205701351165771,2.39742374420166,2.592519760131836,3.662926435470581,3.9242966175079346,4.741966724395752,5.25068998336792,5.052515983581543,4.453493595123291,5.36803674697876,6.170753002166748
-2.042433261871338,-2.1172640323638916,-1.125093698501587,0.9647657871246338,1.059359073638916,1.4974138736724854,1.9043668508529663,2.033785104751587,2.019794225692749,2.219223976135254,2.494640588760376,2.7871012687683105,3.4038965702056885,4.056272983551025,4.660151958465576,5.607467174530029,6.795287132263184,7.2947306632995605,7.057075023651123,6.185147762298584,4.898131370544434,3.025472402572632,1.6002576351165771,0.8283424973487854,-0.5503742694854736,-1.2345962524414062,-1.5687370300292969,-2.0440382957458496,-1.92806077003479,-1.7715628147125244,-0.5157172083854675,0.676586389541626,2.138122797012329,2.260009765625,2.3126020431518555,3.2627322673797607,3.5960519313812256,3.533742904663086,2.6592588424682617,4.452267169952393,4.402534008026123,5.371706485748291,6.441633224487305
-1.8403775691986084,-1.7277119159698486,-0.408316045999527,1.4118661880493164,1.3152304887771606,1.861014485359192,2.1354000568389893,2.100893974304199,2.393941879272461,2.508418560028076,2.7282376289367676,3.179241895675659,3.6807332038879395,4.399127960205078,5.149512767791748,5.882662773132324,6.50172758102417,6.818437576293945,6.712790489196777,6.337749481201172,5.700547695159912,4.694206714630127,2.5834453105926514,1.6394727230072021,-0.22018565237522125,-0.6177059412002563,-1.0536448955535889,-1.7376207113265991,-1.479224681854248,-1.4364193677902222,-1.384353518486023,-0.8575078845024109,1.5268996953964233,1.5818098783493042,2.756504774093628,3.4918439388275146,3.675747871398926,3.6326277256011963,-0.19202063977718353,3.6019296646118164,2.9557597637176514,4.946097373962402,6.618417263031006
