wrfout_d01_2021-03-02_00_00_00.json
{"header": { "discipline": 0, "disciplineName": "Meteorological products", "gribEdition": 2, "gribLength": 45000, "center": 34, "centerName": " OUTPUT FROM WRF V4.2.1 MODEL", "subcenter": 0, "refTime": "2021-03-02T00:00:00Z", "significanceOfRT": 1, "significanceOfRTName": "Start of forecast", "productStatus": 0, "productStatusName": "Operational products", "productType": 1, "productTypeName": "Forecast products", "productDefinitionTemplate": 0, "productDefinitionTemplateName": "Analysis/forecast at horizontal level/layer at a point in time", "parameterCategory": 2, "parameterCategoryName": "Momentum", "parameterNumber": 2, "parameterNumberName": "U-component_of_wind", "parameterUnit": "m.s-1", "genProcessType": 2, "genProcessTypeName": "Forecast", "forecastTime": 60, "surface1Type": 103, "surface1TypeName": "Specified height level above ground", "surface1Value": 10.0, "surface2Type": 255, "surface2TypeName": "Missing", "surface2Value": -9.999e-252, "gridDefinitionTemplate": 0, "gridDefinitionTemplateName": "Latitude_Longitude", "numberPoints": 22500, "shape": 6, "shapeName": "Earth spherical with radius of 6,371,229.0 m", "gridUnits": "degrees", "resolution": 48, "winds": "true", "scanMode": 0, "nx": 150, "ny": 150, "basicAngle": 0, "lo1": 135.10272216796875, "la1": 35.918182373046875, "lo2": 136.79473876953125, "la2": 34.536285400390625, "dx": 0.0, "dy": 0.0 }, "data":
[rows 19 to 37 of 150, columns 86 to 128 of 150]
1.5395427942276,1.2683154344558716,0.07290292531251907,-1.1286371946334839,-1.2647701501846313,-1.4086555242538452,-1.8410354852676392,-2.401848316192627,-2.9247546195983887,-2.860053777694702,-2.603320598602295,-2.8266713619232178,-2.7742202281951904,-2.5513088703155518,-2.3213565349578857,-1.776953101158142,-1.2647274732589722,-1.5869181156158447,-2.3218531608581543,-2.3429601192474365,-1.7506232261657715,-0.853192150592804,0.1494532823562622,1.149438500404358,1.5709491968154907,1.2621229887008667,0.6627920269966125,-0.38472914695739746,-0.7292747497558594,-0.3662700951099396,-0.4649110436439514,-0.5028892755508423,-0.41996991634368896,-0.3733709454536438,-0.5818034410476685,-0.9698237776756287,-0.7666789293289185,0.2114165872335434,-0.07350096851587296,-0.6380572319030762,-0.15408658981323242,-0.3825085163116455,-0.8555793762207031
-1.0699456930160522,-1.5724232196807861,-2.108456611633301,-2.1043882369995117,-1.7944380044937134,-1.8086644411087036,-2.2360928058624268,-2.940150737762451,-2.775094985961914,-2.2259106636047363,-2.325500965118408,-2.381972074508667,-2.401785135269165,-2.2163267135620117,-1.9428167343139648,-1.4055860042572021,-1.0465854406356812,-1.5311412811279297,-2.1843082904815674,-2.2436234951019287,-1.6979598999023438,-0.9472828507423401,-0.1895880401134491,0.6534952521324158,0.43513521552085876,-1.112621545791626,-1.7768312692642212,-1.4484848976135254,-1.1109225749969482,-0.3684956431388855,-0.06664826720952988,-0.4785361588001251,-0.8203255534172058,-0.30992451310157776,0.668570339679718,0.07468245923519135,-0.1337984949350357,0.4026549458503723,-0.42834681272506714,-0.4760657846927643,-0.24707530438899994,-0.4893752932548523,-0.8510795831680298
-1.7039912939071655,-1.0411311388015747,-0.037548791617155075,0.7415447235107422,0.824747622013092,1.0171527862548828,1.463121771812439,0.5479418635368347,-1.745021104812622,-2.3122811317443848,-2.095466375350952,-2.2421224117279053,-2.258575677871704,-2.2758235931396484,-1.7697515487670898,-0.9361534714698792,-0.8880883455276489,-1.6582645177841187,-2.2081856727600098,-1.8927656412124634,-1.3496476411819458,-1.0001773834228516,-0.7709800004959106,-0.7860409021377563,-1.9794535636901855,-2.279660701751709,-1.9003126621246338,-1.5476669073104858,-0.9460533857345581,0.031059779226779938,0.8545200228691101,1.0385416746139526,0.04782131686806679,-0.13860923051834106,0.5237657427787781,0.9996436238288879,0.6495437026023865,-0.3304840922355652,-0.6853726506233215,-0.7248726487159729,-0.6428238153457642,-0.6040775179862976,-0.932947039604187
-0.7809944748878479,-0.18747049570083618,0.4717545509338379,1.090933918952942,1.3801416158676147,1.4798542261123657,1.5073226690292358,2.010925531387329,2.0404343605041504,-0.7348013520240784,-2.4297423362731934,-2.4786365032196045,-2.157501459121704,-1.4209988117218018,-1.5958822965621948,-2.266146183013916,-2.574841260910034,-1.4903035163879395,-0.1708344966173172,-0.4004501402378082,-1.6936781406402588,-1.815016746520996,-1.6943916082382202,-2.2941854000091553,-2.834960460662842,-2.6749484539031982,-2.34694766998291,-1.8978776931762695,-0.5634421706199646,0.856661856174469,1.4900274276733398,1.4121997356414795,1.088621973991394,0.2286897450685501,-0.2669225335121155,-0.16792379319667816,0.053786929696798325,-0.3030383884906769,-0.6420937180519104,-0.6336801052093506,-0.4711868464946747,-0.5747030377388,-0.8667527437210083
-0.7885757088661194,-0.3485729396343231,-0.013914796523749828,0.3965996205806732,0.5565770268440247,0.5467930436134338,0.5029271245002747,0.58583664894104,1.0103102922439575,-0.625904381275177,-2.3393642902374268,-1.8870412111282349,-1.4181207418441772,-2.1936254501342773,-3.9220619201660156,-3.880303144454956,-2.4287068843841553,-0.18422259390354156,0.3557503819465637,-0.9306381940841675,-1.984605073928833,-2.2629947662353516,-2.485398769378662,-3.1877970695495605,-3.4092183113098145,-2.8584392070770264,-2.898890256881714,-1.964585304260254,0.2018093317747116,1.7305692434310913,1.979878306388855,1.679147720336914,1.3841086626052856,0.8284196853637695,0.43965625762939453,0.40096530318260193,-0.13939236104488373,-0.538702666759491,-0.39645257592201233,-0.3982579708099365,-0.5366588234901428,-0.6874553561210632,-0.9838528633117676
-0.3595702350139618,-0.09023696929216385,0.07127249240875244,0.2757295072078705,0.6930938959121704,0.8778091669082642,0.9495260715484619,0.9420036673545837,0.5726111531257629,-1.0291715860366821,-1.5796860456466675,-1.8354960680007935,-3.263259172439575,-4.315659523010254,-4.466500282287598,-3.9998342990875244,-2.7168312072753906,-0.07491862028837204,1.2263542413711548,-0.3788403272628784,-1.4660004377365112,-2.3489699363708496,-3.171642780303955,-4.00113582611084,-3.9642553329467773,-3.355619192123413,-2.3828649520874023,-0.9129505157470703,0.9618861079216003,1.7238118648529053,1.743665099143982,1.4445196390151978,1.0332880020141602,0.6779933571815491,0.10846887528896332,0.008615521714091301,-0.16919651627540588,-0.4772776961326599,-0.14088985323905945,-0.4431317150592804,-0.7597770690917969,-1.0265123844146729,-1.0893974304199219
-0.6028051376342773,-0.3719678223133087,-0.13272659480571747,-0.01812143251299858,0.24767743051052094,0.1291029453277588,0.42332717776298523,1.3846129179000854,2.005305767059326,-0.11867372691631317,-2.3992490768432617,-3.863294839859009,-4.4075727462768555,-4.430351257324219,-3.9829139709472656,-3.24304461479187,-2.131316661834717,-0.9565179347991943,-1.738531470298767,-2.3193302154541016,-2.3156046867370605,-2.795187473297119,-3.3137123584747314,-3.362010955810547,-2.709796667098999,-2.110631227493286,-1.1731595993041992,0.3996250331401825,1.0009727478027344,0.6123668551445007,0.7317518591880798,0.7560984492301941,0.6806820631027222,0.37127137184143066,0.27618956565856934,0.42252641916275024,0.018462074920535088,-0.3591369390487671,-0.649486243724823,-1.054654836654663,-1.1781643629074097,-1.0345333814620972,-1.1078286170959473
-0.08867358416318893,-0.34451740980148315,-0.1819927841424942,-0.2038944959640503,-0.5975117683410645,-0.8921358585357666,-0.17421430349349976,1.2500578165054321,0.20973022282123566,-2.396639823913574,-3.2780771255493164,-3.8675053119659424,-3.5146894454956055,-3.2424068450927734,-2.7070765495300293,-2.4605391025543213,-2.8757638931274414,-3.098076820373535,-2.8335256576538086,-2.6957929134368896,-2.668107271194458,-2.4564802646636963,-2.0185227394104004,-1.4026654958724976,-0.6993749141693115,-0.8329747915267944,-0.5634743571281433,0.1989804208278656,-0.23118825256824493,-0.8300783634185791,-0.27405086159706116,0.2495993673801422,0.48508137464523315,0.7574752569198608,0.32822075486183167,-0.09120317548513412,-0.10840582102537155,-0.8002969622612,-1.3688305616378784,-1.3379167318344116,-1.235927939414978,-1.1983206272125244,-1.2412360906600952
0.52840256690979,0.13835299015045166,0.19750890135765076,0.053579822182655334,-0.34813398122787476,-0.6102873682975769,-0.7558091282844543,-1.0350308418273926,-1.7508115768432617,-2.2771472930908203,-2.82016921043396,-2.987212896347046,-2.704777479171753,-2.5494697093963623,-2.780292510986328,-3.8316214084625244,-4.601802825927734,-3.5434441566467285,-2.576934576034546,-2.498183488845825,-2.078136682510376,-1.6043027639389038,-0.787665069103241,-0.2948199510574341,-0.34474828839302063,-0.2642900347709656,-0.06614725291728973,-0.456697016954422,-0.9598693251609802,-0.7961649894714355,-0.325137197971344,-0.022234588861465454,0.1518813520669937,0.7660685181617737,0.700160562992096,0.022297384217381477,-0.5452728271484375,-1.2059550285339355,-1.3811111450195312,-1.2216408252716064,-1.2856438159942627,-1.3566917181015015,-1.2179688215255737
0.2566206157207489,0.34998252987861633,0.6349663734436035,0.5241321921348572,-0.03345852345228195,-0.5293472409248352,-0.7830435633659363,-0.8880196809768677,-1.1434316635131836,-1.2624497413635254,-2.2649340629577637,-2.4160194396972656,-2.6162848472595215,-3.033937692642212,-3.9246158599853516,-5.067619800567627,-4.674196243286133,-3.2476727962493896,-1.8572866916656494,-1.6040621995925903,-1.7121564149856567,-1.051396369934082,-0.24047048389911652,-0.10838978737592697,-0.5346896052360535,-1.4649944305419922,-2.38493275642395,-2.6226704120635986,-2.2803471088409424,-1.412779450416565,-0.43717822432518005,0.8440213203430176,0.7563100457191467,0.016713377088308334,0.26104167103767395,0.32587042450904846,-0.25736579298973083,-0.8825727701187134,-1.0410420894622803,-1.0360268354415894,-1.2810924053192139,-1.450945258140564,-1.263059139251709
-0.09496033191680908,0.20152387022972107,0.8644668459892273,1.0338711738586426,0.25987985730171204,-0.6255970597267151,-0.8217764496803284,-0.6447091698646545,-0.3392539620399475,-0.8142027258872986,-1.7388982772827148,-2.294635534286499,-2.1641860008239746,-2.7041566371917725,-3.922537326812744,-4.893020153045654,-4.062569618225098,-2.9564390182495117,-1.7783585786819458,-1.0662099123001099,-0.5864053964614868,-0.5904059410095215,-1.1704274415969849,-1.752350926399231,-2.3015055656433105,-2.815049886703491,-2.824049472808838,-2.4303176403045654,-0.8709311485290527,0.42900657653808594,0.928750216960907,0.6983717083930969,-0.028719402849674225,-0.238428995013237,0.10696464031934738,0.17501232028007507,-0.23695796728134155,-0.5550966858863831,-0.8660683631896973,-1.1432220935821533,-1.4094760417938232,-1.4587814807891846,-1.3642897605895996
-0.1661209613084793,0.1021876335144043,0.8107326626777649,1.1172912120819092,1.12045156955719,0.9848368763923645,0.2251826673746109,-0.39966365694999695,0.04795326665043831,-0.3567523658275604,-1.556562066078186,-2.0999956130981445,-1.973127841949463,-2.617060661315918,-3.8668010234832764,-3.548443078994751,-2.812650203704834,-2.5359158515930176,-2.511873245239258,-2.2152516841888428,-2.8424758911132812,-2.9625847339630127,-2.9288527965545654,-2.9218392372131348,-2.841064453125,-3.1758410930633545,-2.803703784942627,-2.0881576538085938,-0.8833200931549072,-0.7204296588897705,-1.9059765338897705,-1.8999460935592651,-0.6406842470169067,0.04451783001422882,0.10297666490077972,-0.2390109896659851,-0.31568455696105957,-0.48805567622184753,-0.8705419301986694,-1.2389594316482544,-1.575311303138733,-1.5098392963409424,-1.3849742412567139
-0.4308546483516693,0.03220561519265175,0.8818626999855042,1.129929780960083,1.11733877658844,1.135580062866211,0.8798560500144958,0.27468451857566833,0.3428288996219635,-0.08839968591928482,-1.3504188060760498,-1.8566139936447144,-1.9602458477020264,-2.9725570678710938,-3.18302059173584,-2.509364604949951,-2.656850576400757,-3.3342130184173584,-3.295426607131958,-2.8713302612304688,-3.038965940475464,-2.9874753952026367,-2.538336753845215,-2.1725940704345703,-2.064493179321289,-2.15423321723938,-2.3640859127044678,-1.6702070236206055,-1.365666389465332,-2.0047879219055176,-2.1576058864593506,-1.1480419635772705,-0.563828706741333,-0.11524873971939087,0.2796688377857208,0.4043029546737671,0.5228743553161621,-0.5641028881072998,-1.756349802017212,-1.4596987962722778,-1.5489367246627808,-1.6899296045303345,-1.5217230319976807
-0.30916914343833923,0.33148783445358276,0.7612316012382507,0.5813772082328796,0.8292135000228882,1.0574191808700562,1.0126808881759644,0.7649361491203308,0.5867797136306763,0.033829957246780396,-1.1179850101470947,-1.751167893409729,-2.292001962661743,-2.881157398223877,-2.9391024112701416,-3.524468183517456,-4.532443046569824,-4.511744499206543,-4.611745834350586,-5.065929412841797,-4.531772613525391,-3.0779976844787598,-2.3226141929626465,-2.4306774139404297,-2.44144606590271,-2.089597225189209,-1.9397368431091309,-1.6002222299575806,-1.7781926393508911,-2.1861534118652344,-1.7395949363708496,-0.9523845314979553,-0.2687808871269226,0.35947415232658386,0.5796252489089966,0.3775964677333832,0.48754698038101196,1.0038907527923584,0.07823057472705841,-1.4731330871582031,-1.607072353363037,-1.8115216493606567,-1.6281425952911377
-0.02284262515604496,0.1273384839296341,-0.03180621936917305,-0.04656842350959778,0.5302329063415527,1.0936453342437744,1.079899787902832,0.9150665998458862,0.644743025302887,-0.15338443219661713,-1.115042805671692,-1.7540680170059204,-2.2819621562957764,-2.5617494583129883,-3.3902931213378906,-4.350805759429932,-4.846673488616943,-5.296638488769531,-5.990189552307129,-5.191736698150635,-3.0255706310272217,-1.721999168395996,-0.9063386917114258,-1.9266389608383179,-2.012385129928589,-1.5847725868225098,-2.0160739421844482,-2.520705223083496,-2.50003719329834,-2.12693452835083,-1.1107428073883057,-0.21356788277626038,0.20108836889266968,0.7945789098739624,1.3006136417388916,1.2771416902542114,1.0913883447647095,1.2499048709869385,1.979668378829956,0.30709874629974365,-1.6131889820098877,-1.7913932800292969,-1.7471232414245605
-0.27512285113334656,-0.2992915213108063,-0.35241296887397766,-0.15486650168895721,0.290242075920105,0.9312083125114441,1.1317625045776367,0.9811868667602539,0.676188051700592,-0.08363177627325058,-0.939630389213562,-1.7281599044799805,-2.7821781635284424,-3.311998128890991,-3.6644704341888428,-3.9979097843170166,-4.63388729095459,-5.810091495513916,-5.851113796234131,-4.303456783294678,-2.4914326667785645,-1.721933364868164,-1.3638412952423096,-1.5256866216659546,-1.6969938278198242,-2.45944881439209,-2.9323251247406006,-2.9474704265594482,-2.897123098373413,-1.862114667892456,-0.5888718962669373,0.16220331192016602,0.6267016530036926,1.1882609128952026,1.5300246477127075,1.5683246850967407,1.5859789848327637,0.9195225834846497,0.5007549524307251,1.3357993364334106,0.4095708727836609,-1.1661790609359741,-1.2625977993011475
-0.48922717571258545,-0.38586485385894775,-0.21413235366344452,-0.07302136719226837,0.1236000657081604,0.6048086285591125,0.9363284111022949,0.9413326978683472,0.6004059314727783,-0.1271612048149109,-1.3655343055725098,-2.530677318572998,-3.1812374591827393,-3.2967827320098877,-3.407686233520508,-3.819567918777466,-5.099087715148926,-5.415307998657227,-4.685811996459961,-3.7041983604431152,-3.2495381832122803,-2.3097763061523438,-2.1607682704925537,-1.7394492626190186,-2.094271421432495,-2.64218807220459,-3.5791873931884766,-3.748128652572632,-3.273653268814087,-1.9515595436096191,-0.2858303487300873,0.6684467792510986,1.1080366373062134,1.6347033977508545,2.0308022499084473,1.9107310771942139,1.6215673685073853,0.613713264465332,-0.34711843729019165,0.3458929657936096,1.7830755710601807,0.8484788537025452,-0.8841440081596375
-0.6361778378486633,-0.5425686240196228,-0.24171622097492218,-0.10752800107002258,-0.04578452929854393,0.31079429388046265,0.7484116554260254,0.7726569175720215,0.3630196452140808,-0.5243476033210754,-1.6568872928619385,-2.6240711212158203,-3.015763282775879,-2.9820334911346436,-3.0143871307373047,-3.8384478092193604,-4.668203830718994,-4.292453289031982,-3.5599558353424072,-3.591155767440796,-4.167003154754639,-3.575544595718384,-1.8224542140960693,-0.9941422939300537,-1.6520657539367676,-2.45929217338562,-3.4777140617370605,-4.480827808380127,-3.409534454345703,-1.9576349258422852,0.0315401665866375,1.1590640544891357,1.7938591241836548,2.2346715927124023,2.3540775775909424,1.7773377895355225,0.5704565644264221,-0.16629117727279663,-0.7162549495697021,-0.8841105699539185,0.729519248008728,0.18672768771648407,-1.2070561647415161
-0.40729251503944397,-0.7347068786621094,-0.4424416124820709,-0.14661367237567902,-0.07500339299440384,0.13806411623954773,0.49630388617515564,0.595650315284729,-0.020467830821871758,-0.9465762376785278,-1.9528337717056274,-2.436345100402832,-2.57460618019104,-2.3618717193603516,-2.864331007003784,-4.05101203918457,-4.134581565856934,-3.558168411254883,-3.146024465560913,-3.7986204624176025,-4.266087532043457,-3.6640429496765137,-2.4360549449920654,-2.230438470840454,-2.965829372406006,-3.4573330879211426,-3.77908992767334,-3.574214458465576,-3.2617106437683105,-1.8417431116104126,0.31807664036750793,1.745011806488037,2.1963515281677246,2.2880566120147705,1.8850257396697998,0.7230747938156128,-0.7932525873184204,-0.8216415643692017,-0.09051331132650375,0.002190062776207924,1.121955394744873,1.8766865730285645,0.5162160396575928
