wrfout_d01_2021-03-02_00_00_00.json
{"header": { "discipline": 0, "disciplineName": "Meteorological products", "gribEdition": 2, "gribLength": 45000, "center": 34, "centerName": " OUTPUT FROM WRF V4.2.1 MODEL", "subcenter": 0, "refTime": "2021-03-02T00:00:00Z", "significanceOfRT": 1, "significanceOfRTName": "Start of forecast", "productStatus": 0, "productStatusName": "Operational products", "productType": 1, "productTypeName": "Forecast products", "productDefinitionTemplate": 0, "productDefinitionTemplateName": "Analysis/forecast at horizontal level/layer at a point in time", "parameterCategory": 2, "parameterCategoryName": "Momentum", "parameterNumber": 2, "parameterNumberName": "U-component_of_wind", "parameterUnit": "m.s-1", "genProcessType": 2, "genProcessTypeName": "Forecast", "forecastTime": 60, "surface1Type": 103, "surface1TypeName": "Specified height level above ground", "surface1Value": 10.0, "surface2Type": 255, "surface2TypeName": "Missing", "surface2Value": -9.999e-252, "gridDefinitionTemplate": 0, "gridDefinitionTemplateName": "Latitude_Longitude", "numberPoints": 22500, "shape": 6, "shapeName": "Earth spherical with radius of 6,371,229.0 m", "gridUnits": "degrees", "resolution": 48, "winds": "true", "scanMode": 0, "nx": 150, "ny": 150, "basicAngle": 0, "lo1": 135.10272216796875, "la1": 35.918182373046875, "lo2": 136.79473876953125, "la2": 34.536285400390625, "dx": 0.0, "dy": 0.0 }, "data":
[rows 0 to 18 of 150, columns 43 to 85 of 150]
3.110140085220337,3.016300678253174,2.9204392433166504,2.8341121673583984,1.9473575353622437,1.286371111869812,1.5107001066207886,1.3965502977371216,1.229640007019043,0.9358998537063599,0.6240397691726685,0.4794076383113861,0.40530824661254883,1.3920358419418335,2.2187087535858154,2.138179302215576,2.2113866806030273,2.068695306777954,1.9085426330566406,0.9197539687156677,0.3405246138572693,0.3890364170074463,0.4451492428779602,0.5286744832992554,0.6646733283996582,1.0094395875930786,1.847496509552002,2.2591733932495117,1.9873924255371094,1.209145188331604,0.981166660785675,1.5310670137405396,1.9672950506210327,1.686137318611145,1.1162463426589966,1.0273598432540894,1.0610120296478271,0.9170783162117004,1.1197956800460815,1.3328856229782104,1.3623381853103638,1.3860293626785278,1.4878636598587036
3.0944931507110596,2.9894397258758545,2.891342878341675,2.8412063121795654,1.933318018913269,1.074496865272522,1.0726189613342285,1.2680354118347168,1.3656481504440308,0.8811292052268982,0.561613142490387,0.5391660928726196,0.46733352541923523,1.3197126388549805,2.1576411724090576,2.2780330181121826,2.174109697341919,2.0309860706329346,1.9092085361480713,0.9693745970726013,0.29348140954971313,0.33001115918159485,0.3940606713294983,0.47077688574790955,0.6072883009910583,1.166148066520691,2.048400402069092,2.3864259719848633,2.119910717010498,1.5383468866348267,1.2749749422073364,1.7925925254821777,2.4200997352600098,2.412119150161743,2.005190849304199,1.6560866832733154,1.4974863529205322,1.1994162797927856,0.8636959791183472,0.835191547870636,1.1026108264923096,1.3897751569747925,1.515570044517517
3.0882275104522705,2.996103286743164,2.9131627082824707,2.8253486156463623,1.5513585805892944,0.6633407473564148,0.9245173931121826,1.402908444404602,1.5407947301864624,1.0427266359329224,0.6598494648933411,0.35380029678344727,0.23233982920646667,1.2101227045059204,2.1687862873077393,2.0418829917907715,2.0429928302764893,1.9108161926269531,0.98946613073349,0.16270308196544647,0.21329902112483978,0.2850162982940674,0.3614620566368103,0.44796714186668396,0.6406717896461487,1.351841688156128,2.3124725818634033,2.44332218170166,2.213916301727295,1.6654903888702393,1.5494016408920288,2.015660047531128,2.6484625339508057,2.64076828956604,2.251516342163086,2.1331875324249268,2.012371301651001,1.4547114372253418,0.8250423073768616,0.8107023239135742,0.8696669936180115,0.8823628425598145,1.0677508115768433
3.051637887954712,2.961789608001709,2.8777732849121094,2.767000436782837,1.296831727027893,0.8770121932029724,1.2249999046325684,1.4990516901016235,1.5494579076766968,1.1650065183639526,0.6712807416915894,0.28457534313201904,0.24330922961235046,1.2058616876602173,2.0611937046051025,2.1005988121032715,1.9153990745544434,1.6676836013793945,0.7138568758964539,-0.10371515154838562,-0.006928499322384596,0.16507937014102936,0.27975818514823914,0.36837631464004517,0.8650135397911072,1.4867991209030151,2.0963826179504395,1.9760562181472778,1.8340905904769897,1.7953705787658691,1.7610124349594116,2.0864553451538086,2.490528106689453,2.379415512084961,2.1385586261749268,2.1602883338928223,1.9137065410614014,1.4378119707107544,1.1631770133972168,1.061547875404358,0.9101002812385559,0.6750364303588867,0.48773548007011414
2.6104555130004883,2.5092697143554688,2.441894769668579,2.21708083152771,0.9584149718284607,0.7171888947486877,1.40956449508667,2.2115023136138916,2.210207223892212,0.9894655346870422,-0.23178985714912415,-0.2931886613368988,0.3156518340110779,0.3877403140068054,0.8298695087432861,1.6375527381896973,1.8798373937606812,1.2614623308181763,0.22254635393619537,-0.6794096827507019,-1.0724914073944092,-0.3085429072380066,0.17983931303024292,-0.2738645076751709,0.5042686462402344,1.5888687372207642,1.5301965475082397,1.4033045768737793,1.6876013278961182,1.9915271997451782,1.9901070594787598,2.0747382640838623,2.104916572570801,1.924041509628296,1.7597312927246094,1.785732388496399,1.3939785957336426,1.283207893371582,1.502718448638916,1.194422721862793,0.6506431102752686,-0.20008942484855652,-1.421414852142334
2.1857032775878906,2.0853803157806396,2.0272011756896973,1.7543623447418213,0.6640391945838928,0.5329340696334839,1.4203678369522095,2.4803473949432373,2.5450868606567383,1.6843492984771729,0.5368200540542603,0.639918327331543,1.0561028718948364,0.8115844130516052,0.26703956723213196,0.9874969720840454,1.6366859674453735,1.1173826456069946,-0.151844322681427,-0.44877204298973083,-0.5423141121864319,-1.0986042022705078,-0.74202561378479,-0.03622562438249588,0.030236734077334404,0.35631510615348816,1.0220271348953247,1.1443527936935425,1.936730146408081,2.236845016479492,1.9879051446914673,1.603826880455017,1.657915711402893,1.5559886693954468,1.5093936920166016,1.3248937129974365,1.2037917375564575,1.5983740091323853,1.6411288976669312,0.9930348992347717,0.49604713916778564,0.030096812173724174,-0.296918123960495
1.7763118743896484,1.641900897026062,1.574828028678894,1.2919270992279053,0.6026701927185059,0.40292298793792725,1.152101993560791,2.0147688388824463,2.6984448432922363,2.6255598068237305,1.7065799236297607,0.8931034803390503,0.8347756862640381,0.9906527996063232,1.236557960510254,0.6342074275016785,0.5319830775260925,0.31866875290870667,-0.2328404039144516,0.5011726021766663,-0.016753962263464928,-1.3358124494552612,-2.063593864440918,-2.2507128715515137,-2.067563056945801,-0.9715166687965393,0.5979853868484497,1.234993577003479,1.8769842386245728,2.092122793197632,1.6865919828414917,1.3441680669784546,1.3792810440063477,1.3415682315826416,1.2817684412002563,1.1777132749557495,1.3178799152374268,1.5887008905410767,1.434822678565979,0.8844720125198364,0.4995126724243164,0.14378580451011658,0.5601577758789062
1.642642617225647,1.6278706789016724,1.6684929132461548,1.6239722967147827,0.6498783826828003,0.12421569973230362,0.7837855815887451,1.8670262098312378,2.7072815895080566,3.0885636806488037,2.6328771114349365,1.0764282941818237,0.7377842664718628,1.4276123046875,1.3863834142684937,0.6766240000724792,-0.6035186052322388,-0.6843771934509277,0.062110766768455505,-0.03798497095704079,-0.2658970355987549,-0.5997900366783142,-1.3043489456176758,-1.8010777235031128,-1.8696489334106445,-0.8349613547325134,0.5314931869506836,1.2028839588165283,1.3730859756469727,1.623658537864685,1.6640011072158813,1.5176764726638794,1.4839221239089966,1.3599662780761719,1.3726353645324707,1.2097727060317993,1.4142194986343384,1.3206303119659424,1.0162367820739746,0.7715521454811096,0.5058505535125732,0.251675546169281,0.6031412482261658
1.77505362033844,1.6894906759262085,1.646651029586792,1.6938865184783936,0.6790904402732849,-0.24353912472724915,0.2683718800544739,1.637739658355713,2.6460494995117188,3.241405725479126,3.09481143951416,1.7369277477264404,0.9872208833694458,1.5866142511367798,1.8498055934906006,1.6425235271453857,0.6609241962432861,-0.38711079955101013,-0.039604347199201584,0.41236329078674316,-0.3526890277862549,-1.0961217880249023,-1.2381154298782349,-1.3453459739685059,-1.4599361419677734,-0.9262094497680664,-0.18573348224163055,0.6365721821784973,1.256197214126587,1.7437125444412231,2.0780484676361084,1.8136259317398071,1.748067021369934,1.7735873460769653,1.2901517152786255,1.0978398323059082,1.216959834098816,0.9962655305862427,0.871033787727356,0.7818052768707275,0.7254331111907959,0.4767622649669647,0.4110099971294403
1.7826147079467773,1.7256265878677368,1.5878068208694458,1.182797908782959,-0.030966851860284805,-0.7908048033714294,-0.168898344039917,1.3797510862350464,2.540748357772827,3.6235644817352295,3.0749447345733643,2.795072317123413,2.229673147201538,2.2551045417785645,2.089970827102661,1.8650633096694946,0.7165582776069641,-0.7369238138198853,-0.2896152436733246,0.4107706546783447,-0.04487049952149391,-0.9118902683258057,-1.341166377067566,-1.4438766241073608,-1.4325566291809082,-1.127803921699524,-0.45104315876960754,0.6217489242553711,1.2669899463653564,1.88975191116333,1.9989756345748901,1.8704537153244019,1.898371934890747,1.7634129524230957,1.5479607582092285,1.2401586771011353,1.0301424264907837,1.0477129220962524,0.8001537919044495,0.8447058200836182,0.8283583521842957,0.3290773630142212,-0.04685911163687706
1.3896756172180176,1.5292515754699707,1.5053608417510986,0.7275668382644653,-0.6068620085716248,-0.9796362519264221,-0.3025210201740265,1.0662692785263062,2.635441303253174,3.3092784881591797,3.250086545944214,2.5797061920166016,2.2301793098449707,2.449301242828369,2.7085061073303223,2.0841429233551025,0.5052392482757568,-0.8230699896812439,-0.46438583731651306,0.11068392544984818,-0.03881605714559555,-0.7300575375556946,-1.213281273841858,-1.3440321683883667,-1.1461502313613892,-0.771479606628418,0.019211379811167717,1.0029990673065186,1.3611953258514404,1.6000406742095947,1.4895902872085571,1.789967656135559,2.0157010555267334,1.9575546979904175,1.818950891494751,1.508679986000061,1.2175432443618774,1.0979090929031372,0.8485596179962158,0.7541455626487732,0.7621273994445801,0.32769089937210083,-0.29887399077415466
0.4080370366573334,0.7841806411743164,0.9864722490310669,-0.07282836735248566,-1.1950361728668213,-0.957222044467926,-0.26405537128448486,0.8784130811691284,2.540069580078125,3.5370919704437256,3.348132848739624,2.3452465534210205,2.1352264881134033,2.1933863162994385,3.0470969676971436,2.5045883655548096,0.386416494846344,-0.5613427758216858,-0.37866857647895813,-0.1460181623697281,-0.11318894475698471,-0.6333176493644714,-1.0939290523529053,-1.2475320100784302,-1.0300828218460083,-0.4060227572917938,0.49452292919158936,1.2659109830856323,1.522927165031433,1.1870393753051758,1.2335305213928223,1.7636030912399292,2.2101047039031982,2.2393250465393066,2.0040228366851807,1.630420446395874,1.240505576133728,1.203491449356079,1.005080223083496,0.7544196248054504,0.6195711493492126,0.5255886912345886,-0.3612053394317627
0.8966557383537292,0.7875433564186096,0.30675655603408813,-0.6596681475639343,-0.9439809322357178,-0.9318782091140747,-0.467672199010849,0.7176089286804199,2.507849931716919,3.5513737201690674,3.4373159408569336,2.5879175662994385,1.578993797302246,1.7589460611343384,2.516523599624634,2.4683620929718018,0.6600121259689331,-0.15367363393306732,-0.137501060962677,-0.2911145091056824,-0.19022910296916962,-0.4620058536529541,-0.8115031123161316,-0.9709348678588867,-0.7835376858711243,-0.09399401396512985,0.8805515766143799,1.3144721984863281,1.0901204347610474,0.8152475953102112,0.9999088644981384,1.7705717086791992,2.632279872894287,2.3362860679626465,2.0905346870422363,1.488192081451416,1.093280553817749,1.2081183195114136,1.1895300149917603,0.944204568862915,0.6755597591400146,0.6415829658508301,0.88031005859375
0.9335414171218872,0.7316058278083801,0.19884522259235382,-0.8021127581596375,-1.2373290061950684,-0.897473931312561,-0.2894456088542938,0.71709144115448,2.3627967834472656,3.716616630554199,3.636399984359741,2.5699968338012695,1.3748008012771606,1.4490126371383667,2.1257824897766113,2.1486973762512207,1.0180351734161377,0.11303938180208206,0.20977123081684113,0.15492559969425201,-0.08427657932043076,-0.3256828486919403,-0.615983784198761,-0.8237068057060242,-0.6579334139823914,0.275357186794281,1.10724937915802,1.2015023231506348,0.9416856169700623,0.7771005630493164,0.9406193494796753,1.7321265935897827,2.54730224609375,2.756842851638794,2.2421069145202637,1.568369746208191,0.938831090927124,1.2272472381591797,1.3800981044769287,1.0153309106826782,0.6790822148323059,0.6377919912338257,1.054098129272461
-0.42037665843963623,-0.6327255368232727,-1.164011836051941,-0.982525110244751,-0.28192704916000366,-0.4583236873149872,-0.3598257005214691,0.6120166778564453,2.4457297325134277,3.7537264823913574,3.5148932933807373,2.2728452682495117,1.2867015600204468,1.2495979070663452,1.5217045545578003,2.036756753921509,1.4682482481002808,0.526665449142456,0.3805351257324219,0.6020369529724121,0.4180040657520294,0.005297536961734295,-0.4789566993713379,-0.653788149356842,-0.12842349708080292,0.8225714564323425,1.3050528764724731,1.0550587177276611,0.8919230699539185,0.8896223902702332,0.987708568572998,1.3912242650985718,2.079861640930176,2.664503574371338,2.254298448562622,1.7163530588150024,0.9660219550132751,0.9994158148765564,1.2089380025863647,1.3006787300109863,0.8281140923500061,0.30424508452415466,0.7514704465866089
-1.3223084211349487,-1.0528658628463745,-0.3879193961620331,-0.3920796513557434,-0.41804274916648865,0.043786268681287766,0.01259013544768095,0.7259015440940857,2.6054370403289795,3.2186596393585205,2.741471290588379,1.7315961122512817,1.328494668006897,1.077211856842041,1.4200025796890259,1.8317506313323975,1.419867753982544,0.6714412569999695,0.7421355843544006,0.794762372970581,0.48885148763656616,0.4018188416957855,-0.0420164056122303,-0.12915897369384766,0.6489912271499634,1.302056074142456,1.2745180130004883,1.0215959548950195,0.9925811886787415,0.8722215890884399,0.8000668287277222,0.9770675897598267,1.6427104473114014,2.2539401054382324,2.0320889949798584,1.7135261297225952,0.9858453869819641,0.9047649502754211,0.990511953830719,1.0827009677886963,1.1898890733718872,0.6988084316253662,-0.09544654190540314
-1.5445361137390137,-1.8703924417495728,-1.4036993980407715,-0.15491807460784912,0.8799102306365967,1.1897354125976562,0.49396950006484985,1.0000293254852295,2.2938144207000732,2.1708242893218994,2.2052290439605713,2.0094497203826904,1.474271535873413,1.1829931735992432,1.4924112558364868,1.7332987785339355,1.4177577495574951,0.9157667756080627,0.8267301917076111,0.7880149483680725,0.2875514030456543,0.4151000678539276,0.9216061234474182,0.7465094923973083,1.1313589811325073,1.221762776374817,0.9610490798950195,0.7754820585250854,0.7701517939567566,0.6758579015731812,0.6296624541282654,0.5939704179763794,1.187561273574829,1.744733452796936,1.8193587064743042,1.7059797048568726,1.0871100425720215,0.7120649218559265,0.9384309649467468,1.3767122030258179,1.1984777450561523,0.07800272852182388,-0.3197367787361145
-0.7492304444313049,-0.37310072779655457,-0.23780499398708344,-0.21850818395614624,-0.16780374944210052,-0.0026798956096172333,0.23663924634456635,1.010094165802002,1.4242584705352783,1.3391238451004028,2.2586655616760254,2.194784641265869,1.8640475273132324,1.3663462400436401,1.6886403560638428,1.9102529287338257,1.2747037410736084,0.9642659425735474,0.9330822229385376,0.4280022382736206,0.20386068522930145,0.31132829189300537,0.8962438702583313,1.5692657232284546,1.172196626663208,0.623319685459137,0.5034027695655823,0.8184135556221008,0.8042573928833008,0.7914689779281616,0.8606948852539062,0.8072884678840637,0.9647161364555359,1.3227936029434204,1.5899276733398438,1.2825160026550293,0.6891005039215088,0.9924336075782776,0.7416518926620483,0.3369286358356476,1.1770503520965576,1.1172138452529907,0.7831405401229858
-0.22168296575546265,-0.25299885869026184,-0.8894461989402771,-0.9786317944526672,-0.5039964318275452,-0.566360354423523,-0.21626168489456177,0.8313555121421814,0.992520809173584,1.1463682651519775,2.3125574588775635,2.5419836044311523,1.633131980895996,1.3176919221878052,1.9745888710021973,1.7468948364257812,0.9727212190628052,0.6137245893478394,0.012359792366623878,-0.4608290493488312,-0.2531023323535919,0.21945150196552277,0.37868550419807434,1.1865004301071167,1.6329154968261719,1.0313091278076172,0.602083683013916,0.2795506715774536,0.1837289035320282,0.11441154778003693,0.10207533836364746,0.1712748110294342,0.342445969581604,1.0030959844589233,1.806394338607788,1.5408837795257568,0.9570358991622925,0.9322789311408997,1.0662617683410645,1.1753634214401245,0.8084510564804077,1.1959518194198608,2.0583248138427734
