wrfout_d01_2021-03-02_00_00_00.json
{"header": { "discipline": 0, "disciplineName": "Meteorological products", "gribEdition": 2, "gribLength": 45000, "center": 34, "centerName": " OUTPUT FROM WRF V4.2.1 MODEL", "subcenter": 0, "refTime": "2021-03-02T00:00:00Z", "significanceOfRT": 1, "significanceOfRTName": "Start of forecast", "productStatus": 0, "productStatusName": "Operational products", "productType": 1, "productTypeName": "Forecast products", "productDefinitionTemplate": 0, "productDefinitionTemplateName": "Analysis/forecast at horizontal level/layer at a point in time", "parameterCategory": 2, "parameterCategoryName": "Momentum", "parameterNumber": 3, "parameterNumberName": "V-component_of_wind", "parameterUnit": "m.s-1", "genProcessType": 2, "genProcessTypeName": "Forecast", "forecastTime": 60, "surface1Type": 103, "surface1TypeName": "Specified height level above ground", "surface1Value": 10.0, "surface2Type": 255, "surface2TypeName": "Missing", "surface2Value": -9.999e-252, "gridDefinitionTemplate": 0, "gridDefinitionTemplateName": "Latitude_Longitude", "numberPoints": 22500, "shape": 6, "shapeName": "Earth spherical with radius of 6,371,229.0 m", "gridUnits": "degrees", "resolution": 48, "winds": "true", "scanMode": 0, "nx": 150, "ny": 150, "basicAngle": 0, "lo1": 135.10272216796875, "la1": 35.918182373046875, "lo2": 136.79473876953125, "la2": 34.536285400390625, "dx": 0.0, "dy": 0.0 }, "data":
[rows 114 to 132 of 150, columns 86 to 128 of 150]
0.5056207776069641,0.15065158903598785,-1.1021339893341064,-2.3242063522338867,-2.303309440612793,-1.7494901418685913,-0.4845748841762543,1.0195655822753906,2.1887288093566895,2.868635416030884,2.2911031246185303,3.9371089935302734,6.0180511474609375,3.1545093059539795,4.48737096786499,2.7857067584991455,0.1670009046792984,1.8660184144973755,1.7299526929855347,3.4159305095672607,-0.10205765068531036,4.803346157073975,2.7453107833862305,0.8500322699546814,-1.5924612283706665,-1.3734766244888306,1.2408690452575684,2.272167205810547,2.015866279602051,1.2797651290893555,-0.6462686657905579,0.2797575294971466,0.1950525939464569,-0.045857302844524384,2.654805898666382,3.1038753986358643,4.022571563720703,5.357197284698486,6.021308898925781,3.5287935733795166,3.013211250305176,4.782817363739014,1.9817752838134766
1.2049405574798584,1.7185903787612915,0.4956947863101959,-1.2768783569335938,-1.8054417371749878,-0.8017655611038208,-0.14273342490196228,0.7122529149055481,2.254260301589966,2.5367178916931152,2.258049249649048,5.095429420471191,6.083803653717041,3.1713809967041016,3.8778305053710938,3.8544795513153076,7.063316345214844,7.544604301452637,6.240642547607422,4.695570945739746,2.5859732627868652,5.933173656463623,2.623450994491577,1.754158616065979,0.3091885447502136,-0.6242803335189819,-0.041027653962373734,0.723710834980011,0.13026770949363708,-0.6916293501853943,-0.6524224281311035,-1.8489080667495728,-2.3839046955108643,-2.457437515258789,3.359309434890747,6.863637924194336,9.844417572021484,9.796684265136719,7.870744705200195,4.80027437210083,4.988122940063477,6.019079208374023,3.728907585144043
0.2048889696598053,1.0578885078430176,1.0327625274658203,-0.12076777219772339,-1.3908627033233643,-0.830211877822876,0.15877532958984375,1.199185848236084,2.2534942626953125,2.3423938751220703,3.246556043624878,5.240978717803955,5.038790702819824,2.9110629558563232,4.781705856323242,7.462869644165039,10.47248649597168,9.969955444335938,7.155982494354248,4.712540149688721,3.508648157119751,6.849673271179199,2.8406591415405273,1.5933351516723633,1.6931276321411133,3.424156427383423,4.423919677734375,4.5557122230529785,3.073634386062622,0.9579592943191528,1.1365655660629272,1.201614499092102,-0.5563796162605286,-1.3871397972106934,1.4048868417739868,6.351311683654785,9.303050994873047,9.700474739074707,8.193564414978027,3.865568161010742,3.3650426864624023,2.8371758460998535,5.130921840667725
-0.9225960969924927,-0.7047534584999084,0.41264018416404724,0.3985002040863037,-0.27174264192581177,-1.0424468517303467,-0.6670607328414917,1.084108829498291,2.405317783355713,3.7967357635498047,5.440552234649658,5.950113773345947,4.998040676116943,2.776181221008301,4.890615940093994,7.469119071960449,6.983100891113281,6.121132850646973,5.710585594177246,5.502586841583252,4.38726806640625,7.49246072769165,4.010300636291504,2.6738569736480713,3.162696123123169,5.806607246398926,8.441732406616211,9.491724967956543,6.125975608825684,2.271568775177002,2.684549331665039,3.7136526107788086,4.925265789031982,4.9442973136901855,2.3951497077941895,2.4775004386901855,4.5468058586120605,6.514012813568115,7.526734828948975,5.595968723297119,3.409782648086548,1.2374457120895386,3.115689516067505
-1.1291429996490479,-1.7026251554489136,-0.6907667517662048,0.3126188814640045,0.443964421749115,-0.472716361284256,-1.0755292177200317,-0.20672927796840668,2.232811450958252,4.873435974121094,5.418541431427002,4.863709449768066,3.9665255546569824,3.6569900512695312,6.089290142059326,3.381805658340454,2.7162764072418213,4.3192877769470215,5.09563684463501,5.696775913238525,4.350153923034668,3.847018241882324,3.4662246704101562,4.394759178161621,4.574764251708984,6.807534694671631,9.110177993774414,9.502127647399902,5.57387113571167,3.0437660217285156,5.178395748138428,5.828060150146484,9.064940452575684,8.360703468322754,4.4093732833862305,2.145894765853882,2.516022205352783,5.12576150894165,7.233834266662598,7.746506214141846,5.8597917556762695,2.6194920539855957,3.968212842941284
-0.9061338305473328,-0.6757268905639648,-0.18768280744552612,0.42898061871528625,0.7797271013259888,0.36688822507858276,-1.2235467433929443,-2.4970152378082275,0.7391858696937561,4.533320426940918,4.243940353393555,3.018878936767578,3.1903607845306396,5.692166328430176,6.785082817077637,3.158116340637207,4.302909851074219,5.833108425140381,6.007143974304199,4.810608386993408,2.5271151065826416,-1.0906989574432373,0.5317797660827637,2.5072197914123535,4.548303604125977,7.024951934814453,8.638851165771484,7.295351982116699,3.4795942306518555,4.68777322769165,7.169236183166504,6.884872913360596,6.473869323730469,5.1529221534729,3.3901493549346924,2.240438461303711,0.904076099395752,1.9982647895812988,5.069794178009033,4.158448696136475,4.797054767608643,5.9540815353393555,7.751348495483398
-2.0458295345306396,0.013016171753406525,2.0076115131378174,0.5227644443511963,-0.9501305222511292,-1.8747199773788452,-2.5986597537994385,-3.2320826053619385,-1.816156268119812,0.6781541109085083,2.0460658073425293,2.981045961380005,2.7890443801879883,3.902703046798706,4.038448333740234,5.325489521026611,7.686856746673584,7.946560859680176,7.47838830947876,3.3838579654693604,0.06720073521137238,-2.0124311447143555,-1.4036686420440674,0.35338538885116577,3.964362144470215,7.4576263427734375,8.509355545043945,7.140509605407715,5.460536479949951,6.829073905944824,7.880934715270996,6.293656349182129,3.074979066848755,2.91221022605896,2.91667103767395,2.195005178451538,0.9648914337158203,-0.42512091994285583,3.186716318130493,1.0758963823318481,2.0878548622131348,6.030991077423096,7.633063316345215
-3.991405963897705,-1.0085676908493042,1.7820152044296265,-1.6955866813659668,-4.552923202514648,-5.509812355041504,-4.302946090698242,-2.6517841815948486,-2.1455931663513184,-3.2789416313171387,-1.2435210943222046,1.6153295040130615,2.2031352519989014,2.212989568710327,2.720194101333618,6.320672035217285,8.920191764831543,9.677579879760742,9.115571975708008,2.222010850906372,0.4752736985683441,1.0889493227005005,1.3570411205291748,1.066934585571289,4.529138565063477,7.51202392578125,7.14601469039917,5.688850402832031,6.0422515869140625,8.132102012634277,8.296789169311523,5.373625755310059,5.016909599304199,6.021501541137695,5.453348636627197,4.346503734588623,2.355820894241333,1.9686487913131714,3.23891019821167,2.212007761001587,2.0197017192840576,2.5297160148620605,2.434814453125
-5.107168674468994,-3.4925270080566406,-1.9130455255508423,-5.793704032897949,-6.478536605834961,-6.011435031890869,-4.48153018951416,-3.637650728225708,-1.9996603727340698,-2.497079372406006,-2.8543524742126465,-0.13580214977264404,2.1969144344329834,5.013724327087402,6.007284164428711,7.33451509475708,9.163582801818848,10.044977188110352,7.777012348175049,2.45329213142395,3.1946449279785156,5.264549732208252,5.950932502746582,3.929126739501953,5.577516555786133,6.728000164031982,2.9643189907073975,0.6136366128921509,0.6403658986091614,5.084423542022705,7.469358921051025,5.671839714050293,7.653675556182861,8.961935997009277,7.90553617477417,7.429448127746582,4.429022312164307,2.9723799228668213,5.855748653411865,4.714353561401367,3.353625774383545,0.5024940967559814,-0.18223248422145844
-6.936041831970215,-6.242208957672119,-7.4070258140563965,-7.878468036651611,-6.75270938873291,-5.292929649353027,-4.314126968383789,-3.9075820446014404,-3.473919630050659,-1.70447838306427,-1.7074774503707886,-0.0017722328193485737,4.229844093322754,7.989089012145996,9.233902931213379,9.602066993713379,9.576460838317871,7.14809513092041,4.41577672958374,3.5417871475219727,6.2530670166015625,9.148659706115723,8.92122745513916,6.884285926818848,5.687664031982422,3.141733407974243,-1.0975184440612793,-2.545912265777588,-2.6286916732788086,1.0014594793319702,4.382261753082275,4.6948370933532715,5.97797966003418,6.7524566650390625,7.64146614074707,8.335477828979492,4.3888020515441895,2.4456796646118164,6.985813617706299,6.865111827850342,2.9902162551879883,-1.105261206626892,0.4477584958076477
-7.256760120391846,-7.761099815368652,-8.494479179382324,-7.794337272644043,-5.530910015106201,-3.9058499336242676,-3.6890225410461426,-2.9131059646606445,-3.6416563987731934,-1.8128373622894287,-0.7044332027435303,0.062039345502853394,4.838670253753662,8.80817985534668,9.689542770385742,9.882898330688477,7.503003120422363,3.91666316986084,3.95465087890625,5.884241580963135,8.782927513122559,6.624103546142578,4.392259120941162,2.726323127746582,2.221750259399414,-0.56845623254776,-1.8815442323684692,-2.1442956924438477,-2.223869562149048,-0.6436991691589355,2.426248073577881,2.693615674972534,2.5383434295654297,3.116917610168457,5.400726795196533,3.582540988922119,0.5799838900566101,-1.50120210647583,5.077327251434326,5.981931686401367,2.6281521320343018,0.8114021420478821,1.431965947151184
-5.827484607696533,-6.515164375305176,-6.8392252922058105,-6.689142227172852,-4.8540167808532715,-3.159409523010254,-2.2678751945495605,-1.9465514421463013,-2.4888994693756104,-1.6389907598495483,0.6067929863929749,0.7442371845245361,2.808018445968628,5.754361152648926,6.992122650146484,6.510769844055176,4.447197437286377,4.783905029296875,6.716280460357666,8.006587982177734,5.500032424926758,-0.9076821804046631,-1.2808595895767212,-1.7797977924346924,-1.2986528873443604,-1.336586594581604,-0.0807432308793068,-0.4149723947048187,-0.9956079721450806,0.7835641503334045,2.6194722652435303,2.549255132675171,1.3736101388931274,1.5009828805923462,0.969006359577179,-1.3748234510421753,-3.4719605445861816,-3.109936475753784,1.6605162620544434,3.358367443084717,4.684462547302246,5.4185566902160645,3.264619827270508
-3.500439405441284,-4.4605207443237305,-4.775894641876221,-6.159909725189209,-5.813045978546143,-3.8299994468688965,-1.4461500644683838,-0.9056386351585388,-0.6141797304153442,-0.814270555973053,1.357715129852295,1.617726445198059,0.20932728052139282,0.5402417778968811,1.8213589191436768,2.2280774116516113,3.3301680088043213,6.938535690307617,7.623709201812744,5.671878814697266,1.944664478302002,-0.564231812953949,-1.4508095979690552,-0.5050672888755798,0.6620211601257324,-0.06048198789358139,0.668213427066803,1.6073354482650757,1.325278401374817,3.4782121181488037,3.8273515701293945,3.6309633255004883,1.034436583518982,0.42765679955482483,-1.1893140077590942,-2.3016672134399414,-2.423811197280884,-2.2377452850341797,0.30355674028396606,2.179273843765259,6.466563701629639,7.688354015350342,3.950247049331665
-1.8349462747573853,-2.93491792678833,-1.9929242134094238,-4.147290229797363,-5.125990867614746,-4.068370342254639,-1.7139548063278198,-0.5160761475563049,0.3718584477901459,0.21059569716453552,1.1188567876815796,0.6476213335990906,-1.6407784223556519,-2.736994981765747,-1.8590167760849,0.1739061176776886,2.3110029697418213,4.657449245452881,4.489224910736084,4.225248336791992,5.194567680358887,5.326812744140625,1.9358398914337158,3.486112356185913,4.821381568908691,1.918443202972412,1.1148452758789062,2.5029397010803223,2.4577765464782715,4.3413825035095215,5.579257011413574,3.1891283988952637,1.2266473770141602,2.0916168689727783,1.6465630531311035,1.7253910303115845,3.1255745887756348,2.1591835021972656,1.6849088668823242,0.13708874583244324,6.041594982147217,6.881711483001709,4.105981349945068
-3.0089528560638428,-3.1960830688476562,-0.7038483619689941,-1.5863943099975586,-2.644351005554199,-2.9770395755767822,-2.140535831451416,-0.9698602557182312,-0.12021791189908981,-0.27650877833366394,0.8730576634407043,0.7170267105102539,-1.2239958047866821,-2.926825761795044,-3.2169692516326904,-0.00016700279957149178,1.7289234399795532,2.051358222961426,3.3780994415283203,6.738983154296875,8.381336212158203,8.402717590332031,5.71976900100708,7.232459545135498,7.674586772918701,4.641444683074951,4.398868560791016,4.7498674392700195,3.52622652053833,2.7767019271850586,2.696465253829956,1.384519338607788,2.010049819946289,3.8211514949798584,5.863303184509277,7.167067050933838,5.2294020652771,0.9245504140853882,1.3566300868988037,-1.4930495023727417,2.1945290565490723,5.901656150817871,4.8970770835876465
-4.242594242095947,-4.924201965332031,-1.9538390636444092,-1.002022385597229,-0.5845013856887817,-1.2682809829711914,-1.5411959886550903,-0.9644439816474915,-0.7731766700744629,-1.4472240209579468,0.446102112531662,1.5376890897750854,-0.7392764687538147,-3.766909122467041,-5.183191776275635,-2.5604395866394043,1.683797836303711,2.6901698112487793,5.284432888031006,7.750185966491699,8.770713806152344,8.692960739135742,7.482326984405518,8.239858627319336,7.234890937805176,5.996072292327881,7.262874126434326,6.810388088226318,4.723710060119629,3.4953536987304688,1.0745922327041626,0.6555541157722473,1.986236333847046,4.448964595794678,6.913647651672363,7.096160411834717,3.226059913635254,-0.18487970530986786,0.8248572945594788,0.09365200251340866,0.18989168107509613,3.759901762008667,5.554049968719482
-4.698670387268066,-6.120662689208984,-4.376004695892334,-2.5290515422821045,-1.066428780555725,-0.3048838675022125,-0.5247176289558411,-0.5254404544830322,-0.9349621534347534,-2.4169557094573975,0.0023521739058196545,0.6884498000144958,-2.615156650543213,-6.093881130218506,-7.663619041442871,-7.104857921600342,-2.820103168487549,1.9636402130126953,4.486642837524414,6.964034557342529,7.871979236602783,8.112580299377441,6.694340229034424,4.684057712554932,2.471615791320801,2.948873996734619,4.566517353057861,4.815822601318359,4.3748860359191895,2.7467684745788574,1.0821789503097534,1.3477609157562256,2.556511402130127,3.5463907718658447,4.461593151092529,4.4330735206604,3.3474011421203613,3.2862935066223145,2.442064046859741,2.7413618564605713,1.2470821142196655,2.5450260639190674,5.772945404052734
-5.824097156524658,-6.620150566101074,-5.131584644317627,-5.0976433753967285,-3.965453863143921,-1.485487937927246,-0.6799843907356262,-0.9066027402877808,-0.9117691516876221,-2.3461971282958984,-1.9855960607528687,-1.9269999265670776,-3.8450441360473633,-5.408987045288086,-7.011917591094971,-7.652068138122559,-6.672924041748047,-2.6467037200927734,-1.3390833139419556,1.7063319683074951,6.569767951965332,7.654008388519287,4.206254959106445,0.9104949235916138,0.2360418736934662,2.1612460613250732,2.211721181869507,2.26680064201355,2.6805789470672607,1.8599494695663452,1.7079973220825195,3.2721753120422363,3.6476798057556152,1.5935975313186646,1.6227304935455322,4.913319110870361,6.304159641265869,7.704095840454102,6.2465314865112305,5.652820110321045,7.060272216796875,6.926764011383057,6.859565734863281
-6.8710198402404785,-6.9040303230285645,-5.436686038970947,-5.8171586990356445,-5.210923194885254,-2.9858853816986084,-1.7006641626358032,-2.0676605701446533,-1.6644854545593262,-2.0779526233673096,-4.271975040435791,-5.276623249053955,-4.290624141693115,-1.1597912311553955,-2.523859977722168,-4.487537384033203,-4.502595901489258,-3.91928768157959,-3.5625407695770264,-3.6268930435180664,1.5734630823135376,6.406616687774658,2.8481862545013428,1.7121148109436035,3.236588478088379,2.668835163116455,1.9492188692092896,1.7114773988723755,1.9345723390579224,1.6805615425109863,1.8942508697509766,3.064000368118286,3.1465647220611572,0.18337072432041168,-0.5078994631767273,6.016188621520996,9.083732604980469,10.437928199768066,10.318933486938477,9.966217041015625,7.321182727813721,10.779004096984863,5.336034774780273
